\n\n\n
THREAD=4;SIZE=5000
CONFIG----------
COMPILE---------------------------------------
Using optimization O1
PAPI--------------------

-------------------------------
Evaluation Begin
-------------------------------

Gathering General Metrics

Evaluating code for: PAPI_SP_OPS
Running for 4 threads
Time:0.008161068
Summary
Running for 4 threads
Time:0.007945061
Summary
Running for 4 threads
Time:0.007853985
Summary
3.75E+07
3.75E+07
3.75E+07
1.5E+08
1.5E+08
1.5E+08
2.4E+09
2.4E+09
2.4E+09
2.71E+07
2.71E+07
2.71E+07
1.084E+08
1.084E+08
1.084E+08
1.733E+09
1.733E+09
1.733E+09
2.68E+07
2.68E+07
2.68E+07
1.072E+08
1.072E+08
1.072E+08
1.714E+09
1.714E+09
1.714E+09
2.554E+07
2.554E+07
2.554E+07
1.021E+08
1.021E+08
1.021E+08
1.633E+09
1.633E+09
1.633E+09
3.75E+07
3.75E+07
3.75E+07
1.5E+08
1.5E+08
1.5E+08
2.4E+09
2.4E+09
2.4E+09
2.71E+07
2.71E+07
2.71E+07
1.084E+08
1.084E+08
1.084E+08
1.733E+09
1.733E+09
1.733E+09
2.68E+07
2.68E+07
2.68E+07
1.072E+08
1.072E+08
1.072E+08
1.714E+09
1.714E+09
1.714E+09
2.554E+07
2.554E+07
2.554E+07
1.021E+08
1.021E+08
1.021E+08
1.633E+09
1.633E+09
1.633E+09
3.75E+07
3.75E+07
3.75E+07
1.5E+08
1.5E+08
1.5E+08
2.4E+09
2.4E+09
2.4E+09
2.71E+07
2.71E+07
2.71E+07
1.084E+08
1.084E+08
1.084E+08
1.733E+09
1.733E+09
1.733E+09
2.606E+07
2.606E+07
2.606E+07
1.042E+08
1.042E+08
1.042E+08
1.667E+09
1.667E+09
1.667E+09
2.554E+07
2.554E+07
2.554E+07
1.021E+08
1.021E+08
1.021E+08
1.633E+09
1.633E+09
1.633E+09
3.75E+07
3.75E+07
3.75E+07

---------------------------------------------------------------------------------------

Gathering L1 Cache Behavior

Evaluating code for: PAPI_L1_TCM
Running for 4 threads
Time:0.007996082
Summary
Running for 4 threads
Time:0.008169174
Summary
Running for 4 threads
Time:0.007832050
Summary
2.33E+06
2.329E+06
2.332E+06
9.383E+06
9.382E+06
9.382E+06
1.502E+08
1.502E+08
1.501E+08
1.689E+06
1.69E+06
1.69E+06
6.785E+06
6.784E+06
6.784E+06
1.085E+08
1.085E+08
1.085E+08
1.675E+06
1.674E+06
1.675E+06
6.712E+06
6.711E+06
6.713E+06
1.073E+08
1.073E+08
1.073E+08
1.638E+06
1.64E+06
1.635E+06
6.42E+06
6.429E+06
6.428E+06
1.022E+08
1.022E+08
1.022E+08
2.33E+06
2.331E+06
2.328E+06
9.384E+06
9.383E+06
9.383E+06
1.502E+08
1.502E+08
1.502E+08
1.69E+06
1.69E+06
1.69E+06
6.785E+06
6.784E+06
6.785E+06
1.085E+08
1.085E+08
1.085E+08
1.675E+06
1.674E+06
1.674E+06
6.713E+06
6.714E+06
6.712E+06
1.073E+08
1.073E+08
1.073E+08
1.639E+06
1.635E+06
1.639E+06
6.415E+06
6.419E+06
6.429E+06
1.022E+08
1.022E+08
1.022E+08
2.326E+06
2.326E+06
2.331E+06
9.382E+06
9.383E+06
9.383E+06
1.502E+08
1.502E+08
1.502E+08
1.69E+06
1.69E+06
1.69E+06
6.784E+06
6.784E+06
6.784E+06
1.085E+08
1.085E+08
1.085E+08
1.641E+06
1.63E+06
1.626E+06
6.514E+06
6.51E+06
6.511E+06
1.042E+08
1.043E+08
1.042E+08
1.635E+06
1.634E+06
1.634E+06
6.413E+06
6.422E+06
6.42E+06
1.022E+08
1.022E+08
1.022E+08
2.329E+06
2.33E+06
2.333E+06

---------------------------------------------------------------------------------------

Gathering L2 Cache Behavior

Evaluating code for: PAPI_L2_TCM
Running for 4 threads
Time:0.008184910
Summary
Running for 4 threads
Time:0.008097172
Summary
Running for 4 threads
Time:0.007924080
Summary
1.939E+06
1.944E+06
1.942E+06
7.782E+06
7.782E+06
7.782E+06
1.248E+08
1.248E+08
1.248E+08
1.617E+06
1.617E+06
1.619E+06
6.482E+06
6.482E+06
6.482E+06
1.039E+08
1.039E+08
1.039E+08
1.608E+06
1.609E+06
1.607E+06
6.445E+06
6.442E+06
6.445E+06
1.033E+08
1.033E+08
1.033E+08
1.572E+06
1.572E+06
1.572E+06
6.294E+06
6.294E+06
6.295E+06
1.008E+08
1.008E+08
1.008E+08
1.936E+06
1.941E+06
1.943E+06
7.781E+06
7.783E+06
7.784E+06
1.248E+08
1.248E+08
1.248E+08
1.618E+06
1.618E+06
1.618E+06
6.483E+06
6.481E+06
6.481E+06
1.039E+08
1.039E+08
1.039E+08
1.608E+06
1.609E+06
1.609E+06
6.446E+06
6.445E+06
6.445E+06
1.033E+08
1.033E+08
1.033E+08
1.572E+06
1.573E+06
1.573E+06
6.293E+06
6.295E+06
6.295E+06
1.008E+08
1.008E+08
1.008E+08
1.95E+06
1.946E+06
1.943E+06
7.782E+06
7.783E+06
7.782E+06
1.248E+08
1.248E+08
1.248E+08
1.62E+06
1.619E+06
1.619E+06
6.482E+06
6.482E+06
6.479E+06
1.039E+08
1.039E+08
1.039E+08
1.582E+06
1.581E+06
1.583E+06
6.354E+06
6.352E+06
6.351E+06
1.018E+08
1.019E+08
1.018E+08
1.574E+06
1.572E+06
1.572E+06
6.295E+06
6.294E+06
6.296E+06
1.008E+08
1.008E+08
1.008E+08
1.942E+06
1.949E+06
1.943E+06

---------------------------------------------------------------------------------------

Gathering L3 Cache Behavior

Evaluating code for: PAPI_L3_TCM
Running for 4 threads
Time:0.008131981
Summary
Running for 4 threads
Time:0.007766008
Summary
Running for 4 threads
Time:0.008012056
Summary
5.27E+05
5.335E+05
5.029E+05
1.973E+06
1.97E+06
1.968E+06
3.104E+07
3.105E+07
3.105E+07
1.995E+05
2.07E+05
2.048E+05
6.804E+05
6.792E+05
6.758E+05
1.024E+07
1.02E+07
1.021E+07
2.025E+05
2.006E+05
1.983E+05
6.414E+05
6.38E+05
6.303E+05
9.616E+06
9.601E+06
9.593E+06
1.556E+05
1.553E+05
1.567E+05
4.803E+05
4.806E+05
4.793E+05
7.074E+06
7.083E+06
7.066E+06
5.323E+05
5.398E+05
5.406E+05
1.981E+06
1.974E+06
1.978E+06
3.107E+07
3.109E+07
3.106E+07
2.066E+05
2.137E+05
2.116E+05
6.642E+05
6.733E+05
6.69E+05
1.026E+07
1.025E+07
1.023E+07
2.036E+05
1.995E+05
2.06E+05
6.448E+05
6.377E+05
6.378E+05
9.665E+06
9.658E+06
9.677E+06
1.562E+05
1.611E+05
1.561E+05
4.861E+05
4.853E+05
4.866E+05
7.141E+06
7.134E+06
7.124E+06
5.427E+05
5.377E+05
5.274E+05
1.982E+06
1.981E+06
1.969E+06
3.073E+07
3.073E+07
3.072E+07
2.101E+05
2.035E+05
2.063E+05
6.756E+05
6.796E+05
6.873E+05
9.884E+06
9.068E+06
9.912E+06
1.712E+05
1.773E+05
1.681E+05
5.489E+05
5.494E+05
5.501E+05
7.815E+06
7.793E+06
7.792E+06
1.491E+05
1.573E+05
1.605E+05
4.9E+05
4.734E+05
4.804E+05
6.746E+06
6.77E+06
6.773E+06
5.373E+05
5.279E+05
5.378E+05

---------------------------------------------------------------------------------------

-------------------------------
Evaluation Complete
-------------------------------
SUMMARY-----------------------------------------
Running for 4 threads
Time:0.015413046
---------------------------
Reading Profile files in profile.*

NODE 0;CONTEXT 0;THREAD 0:
---------------------------------------------------------------------------------------
%Time   Exclusive   Inclusive       #Call      #Subrs Count/Call Name
           counts total counts                            
---------------------------------------------------------------------------------------
100.0         795   5.378E+05           1           1     537806 .TAU application
 99.9        2136    5.37E+05           1           2     537011 int main() C 
 75.2   4.046E+05   4.046E+05           1           0     404563 void classic_vec_matmul() C 
 24.2   1.303E+05   1.303E+05           1           0     130312 void init_array() C 
RAPL
----------------------------
		package-0	: 7.875224J
		package-0	: 7.827616J
		package-0	: 7.783855J
\n\n\n
THREAD=4;SIZE=10000
CONFIG----------
COMPILE---------------------------------------
Using optimization O1
PAPI--------------------

-------------------------------
Evaluation Begin
-------------------------------

Gathering General Metrics

Evaluating code for: PAPI_SP_OPS
Running for 4 threads
Time:0.030002117
Summary
Running for 4 threads
Time:0.030614853
Summary
Running for 4 threads
Time:0.030778170
Summary
3.75E+07
3.75E+07
3.75E+07
1.5E+08
1.5E+08
1.5E+08
2.4E+09
2.4E+09
2.4E+09
2.71E+07
2.71E+07
2.71E+07
1.084E+08
1.084E+08
1.084E+08
1.733E+09
1.733E+09
1.733E+09
2.68E+07
2.68E+07
2.68E+07
1.072E+08
1.072E+08
1.072E+08
1.714E+09
1.714E+09
1.714E+09
2.554E+07
2.554E+07
2.554E+07
1.021E+08
1.021E+08
1.021E+08
1.633E+09
1.633E+09
1.633E+09
3.75E+07
3.75E+07
3.75E+07
1.5E+08
1.5E+08
1.5E+08
2.4E+09
2.4E+09
2.4E+09
2.71E+07
2.71E+07
2.71E+07
1.084E+08
1.084E+08
1.084E+08
1.733E+09
1.733E+09
1.733E+09
2.68E+07
2.68E+07
2.68E+07
1.072E+08
1.072E+08
1.072E+08
1.714E+09
1.714E+09
1.714E+09
2.554E+07
2.554E+07
2.554E+07
1.021E+08
1.021E+08
1.021E+08
1.633E+09
1.633E+09
1.633E+09
3.75E+07
3.75E+07
3.75E+07
1.5E+08
1.5E+08
1.5E+08
2.4E+09
2.4E+09
2.4E+09
2.71E+07
2.71E+07
2.71E+07
1.084E+08
1.084E+08
1.084E+08
1.733E+09
1.733E+09
1.733E+09
2.606E+07
2.606E+07
2.606E+07
1.042E+08
1.042E+08
1.042E+08
1.667E+09
1.667E+09
1.667E+09
2.554E+07
2.554E+07
2.554E+07
1.021E+08
1.021E+08
1.021E+08
1.633E+09
1.633E+09
1.633E+09
3.75E+07
3.75E+07
3.75E+07
1.5E+08
1.5E+08
1.5E+08

---------------------------------------------------------------------------------------

Gathering L1 Cache Behavior

Evaluating code for: PAPI_L1_TCM
Running for 4 threads
Time:0.030647039
Summary
Running for 4 threads
Time:0.030415058
Summary
Running for 4 threads
Time:0.030761003
Summary
2.33E+06
2.329E+06
2.332E+06
9.383E+06
9.382E+06
9.382E+06
1.502E+08
1.502E+08
1.501E+08
1.689E+06
1.69E+06
1.69E+06
6.785E+06
6.784E+06
6.784E+06
1.085E+08
1.085E+08
1.085E+08
1.675E+06
1.674E+06
1.675E+06
6.712E+06
6.711E+06
6.713E+06
1.073E+08
1.073E+08
1.073E+08
1.638E+06
1.64E+06
1.635E+06
6.42E+06
6.429E+06
6.428E+06
1.022E+08
1.022E+08
1.022E+08
2.33E+06
2.331E+06
2.328E+06
9.384E+06
9.383E+06
9.383E+06
1.502E+08
1.502E+08
1.502E+08
1.69E+06
1.69E+06
1.69E+06
6.785E+06
6.784E+06
6.785E+06
1.085E+08
1.085E+08
1.085E+08
1.675E+06
1.674E+06
1.674E+06
6.713E+06
6.714E+06
6.712E+06
1.073E+08
1.073E+08
1.073E+08
1.639E+06
1.635E+06
1.639E+06
6.415E+06
6.419E+06
6.429E+06
1.022E+08
1.022E+08
1.022E+08
2.326E+06
2.326E+06
2.331E+06
9.382E+06
9.383E+06
9.383E+06
1.502E+08
1.502E+08
1.502E+08
1.69E+06
1.69E+06
1.69E+06
6.784E+06
6.784E+06
6.784E+06
1.085E+08
1.085E+08
1.085E+08
1.641E+06
1.63E+06
1.626E+06
6.514E+06
6.51E+06
6.511E+06
1.042E+08
1.043E+08
1.042E+08
1.635E+06
1.634E+06
1.634E+06
6.413E+06
6.422E+06
6.42E+06
1.022E+08
1.022E+08
1.022E+08
2.329E+06
2.33E+06
2.333E+06
9.383E+06
9.383E+06
9.383E+06

---------------------------------------------------------------------------------------

Gathering L2 Cache Behavior

Evaluating code for: PAPI_L2_TCM
Running for 4 threads
Time:0.029986858
Summary
Running for 4 threads
Time:0.030829191
Summary
Running for 4 threads
Time:0.030719995
Summary
1.939E+06
1.944E+06
1.942E+06
7.782E+06
7.782E+06
7.782E+06
1.248E+08
1.248E+08
1.248E+08
1.617E+06
1.617E+06
1.619E+06
6.482E+06
6.482E+06
6.482E+06
1.039E+08
1.039E+08
1.039E+08
1.608E+06
1.609E+06
1.607E+06
6.445E+06
6.442E+06
6.445E+06
1.033E+08
1.033E+08
1.033E+08
1.572E+06
1.572E+06
1.572E+06
6.294E+06
6.294E+06
6.295E+06
1.008E+08
1.008E+08
1.008E+08
1.936E+06
1.941E+06
1.943E+06
7.781E+06
7.783E+06
7.784E+06
1.248E+08
1.248E+08
1.248E+08
1.618E+06
1.618E+06
1.618E+06
6.483E+06
6.481E+06
6.481E+06
1.039E+08
1.039E+08
1.039E+08
1.608E+06
1.609E+06
1.609E+06
6.446E+06
6.445E+06
6.445E+06
1.033E+08
1.033E+08
1.033E+08
1.572E+06
1.573E+06
1.573E+06
6.293E+06
6.295E+06
6.295E+06
1.008E+08
1.008E+08
1.008E+08
1.95E+06
1.946E+06
1.943E+06
7.782E+06
7.783E+06
7.782E+06
1.248E+08
1.248E+08
1.248E+08
1.62E+06
1.619E+06
1.619E+06
6.482E+06
6.482E+06
6.479E+06
1.039E+08
1.039E+08
1.039E+08
1.582E+06
1.581E+06
1.583E+06
6.354E+06
6.352E+06
6.351E+06
1.018E+08
1.019E+08
1.018E+08
1.574E+06
1.572E+06
1.572E+06
6.295E+06
6.294E+06
6.296E+06
1.008E+08
1.008E+08
1.008E+08
1.942E+06
1.949E+06
1.943E+06
7.783E+06
7.781E+06
7.78E+06

---------------------------------------------------------------------------------------

Gathering L3 Cache Behavior

Evaluating code for: PAPI_L3_TCM
Running for 4 threads
Time:0.030946016
Summary
Running for 4 threads
Time:0.029926062
Summary
Running for 4 threads
Time:0.030040979
Summary
5.27E+05
5.335E+05
5.029E+05
1.973E+06
1.97E+06
1.968E+06
3.104E+07
3.105E+07
3.105E+07
1.995E+05
2.07E+05
2.048E+05
6.804E+05
6.792E+05
6.758E+05
1.024E+07
1.02E+07
1.021E+07
2.025E+05
2.006E+05
1.983E+05
6.414E+05
6.38E+05
6.303E+05
9.616E+06
9.601E+06
9.593E+06
1.556E+05
1.553E+05
1.567E+05
4.803E+05
4.806E+05
4.793E+05
7.074E+06
7.083E+06
7.066E+06
5.323E+05
5.398E+05
5.406E+05
1.981E+06
1.974E+06
1.978E+06
3.107E+07
3.109E+07
3.106E+07
2.066E+05
2.137E+05
2.116E+05
6.642E+05
6.733E+05
6.69E+05
1.026E+07
1.025E+07
1.023E+07
2.036E+05
1.995E+05
2.06E+05
6.448E+05
6.377E+05
6.378E+05
9.665E+06
9.658E+06
9.677E+06
1.562E+05
1.611E+05
1.561E+05
4.861E+05
4.853E+05
4.866E+05
7.141E+06
7.134E+06
7.124E+06
5.427E+05
5.377E+05
5.274E+05
1.982E+06
1.981E+06
1.969E+06
3.073E+07
3.073E+07
3.072E+07
2.101E+05
2.035E+05
2.063E+05
6.756E+05
6.796E+05
6.873E+05
9.884E+06
9.068E+06
9.912E+06
1.712E+05
1.773E+05
1.681E+05
5.489E+05
5.494E+05
5.501E+05
7.815E+06
7.793E+06
7.792E+06
1.491E+05
1.573E+05
1.605E+05
4.9E+05
4.734E+05
4.804E+05
6.746E+06
6.77E+06
6.773E+06
5.373E+05
5.279E+05
5.378E+05
1.976E+06
1.973E+06
1.978E+06

---------------------------------------------------------------------------------------

-------------------------------
Evaluation Complete
-------------------------------
SUMMARY-----------------------------------------
Running for 4 threads
Time:0.036351919
---------------------------
Reading Profile files in profile.*

NODE 0;CONTEXT 0;THREAD 0:
---------------------------------------------------------------------------------------
%Time   Exclusive   Inclusive       #Call      #Subrs Count/Call Name
           counts total counts                            
---------------------------------------------------------------------------------------
100.0         717   1.978E+06           1           1    1977999 .TAU application
100.0        2063   1.977E+06           1           2    1977282 int main() C 
 79.3   1.569E+06   1.569E+06           1           0    1568702 void classic_vec_matmul() C 
 20.6   4.065E+05   4.065E+05           1           0     406517 void init_array() C 
RAPL
----------------------------
		package-0	: 15.925435J
		package-0	: 15.777547J
		package-0	: 15.873983J
\n\n\n
THREAD=4;SIZE=40000
CONFIG----------
COMPILE---------------------------------------
Using optimization O1
PAPI--------------------

-------------------------------
Evaluation Begin
-------------------------------

Gathering General Metrics

Evaluating code for: PAPI_SP_OPS
Running for 4 threads
Time:0.481660843
Summary
Running for 4 threads
Time:0.487030983
Summary
Running for 4 threads
Time:0.486275911
Summary
3.75E+07
3.75E+07
3.75E+07
1.5E+08
1.5E+08
1.5E+08
2.4E+09
2.4E+09
2.4E+09
2.71E+07
2.71E+07
2.71E+07
1.084E+08
1.084E+08
1.084E+08
1.733E+09
1.733E+09
1.733E+09
2.68E+07
2.68E+07
2.68E+07
1.072E+08
1.072E+08
1.072E+08
1.714E+09
1.714E+09
1.714E+09
2.554E+07
2.554E+07
2.554E+07
1.021E+08
1.021E+08
1.021E+08
1.633E+09
1.633E+09
1.633E+09
3.75E+07
3.75E+07
3.75E+07
1.5E+08
1.5E+08
1.5E+08
2.4E+09
2.4E+09
2.4E+09
2.71E+07
2.71E+07
2.71E+07
1.084E+08
1.084E+08
1.084E+08
1.733E+09
1.733E+09
1.733E+09
2.68E+07
2.68E+07
2.68E+07
1.072E+08
1.072E+08
1.072E+08
1.714E+09
1.714E+09
1.714E+09
2.554E+07
2.554E+07
2.554E+07
1.021E+08
1.021E+08
1.021E+08
1.633E+09
1.633E+09
1.633E+09
3.75E+07
3.75E+07
3.75E+07
1.5E+08
1.5E+08
1.5E+08
2.4E+09
2.4E+09
2.4E+09
2.71E+07
2.71E+07
2.71E+07
1.084E+08
1.084E+08
1.084E+08
1.733E+09
1.733E+09
1.733E+09
2.606E+07
2.606E+07
2.606E+07
1.042E+08
1.042E+08
1.042E+08
1.667E+09
1.667E+09
1.667E+09
2.554E+07
2.554E+07
2.554E+07
1.021E+08
1.021E+08
1.021E+08
1.633E+09
1.633E+09
1.633E+09
3.75E+07
3.75E+07
3.75E+07
1.5E+08
1.5E+08
1.5E+08
2.4E+09
2.4E+09
2.4E+09

---------------------------------------------------------------------------------------

Gathering L1 Cache Behavior

Evaluating code for: PAPI_L1_TCM
Running for 4 threads
Time:0.537678003
Summary
Running for 4 threads
Time:0.487368107
Summary
Running for 4 threads
Time:0.486474037
Summary
2.33E+06
2.329E+06
2.332E+06
9.383E+06
9.382E+06
9.382E+06
1.502E+08
1.502E+08
1.501E+08
1.689E+06
1.69E+06
1.69E+06
6.785E+06
6.784E+06
6.784E+06
1.085E+08
1.085E+08
1.085E+08
1.675E+06
1.674E+06
1.675E+06
6.712E+06
6.711E+06
6.713E+06
1.073E+08
1.073E+08
1.073E+08
1.638E+06
1.64E+06
1.635E+06
6.42E+06
6.429E+06
6.428E+06
1.022E+08
1.022E+08
1.022E+08
2.33E+06
2.331E+06
2.328E+06
9.384E+06
9.383E+06
9.383E+06
1.502E+08
1.502E+08
1.502E+08
1.69E+06
1.69E+06
1.69E+06
6.785E+06
6.784E+06
6.785E+06
1.085E+08
1.085E+08
1.085E+08
1.675E+06
1.674E+06
1.674E+06
6.713E+06
6.714E+06
6.712E+06
1.073E+08
1.073E+08
1.073E+08
1.639E+06
1.635E+06
1.639E+06
6.415E+06
6.419E+06
6.429E+06
1.022E+08
1.022E+08
1.022E+08
2.326E+06
2.326E+06
2.331E+06
9.382E+06
9.383E+06
9.383E+06
1.502E+08
1.502E+08
1.502E+08
1.69E+06
1.69E+06
1.69E+06
6.784E+06
6.784E+06
6.784E+06
1.085E+08
1.085E+08
1.085E+08
1.641E+06
1.63E+06
1.626E+06
6.514E+06
6.51E+06
6.511E+06
1.042E+08
1.043E+08
1.042E+08
1.635E+06
1.634E+06
1.634E+06
6.413E+06
6.422E+06
6.42E+06
1.022E+08
1.022E+08
1.022E+08
2.329E+06
2.33E+06
2.333E+06
9.383E+06
9.383E+06
9.383E+06
1.502E+08
1.502E+08
1.502E+08

---------------------------------------------------------------------------------------

Gathering L2 Cache Behavior

Evaluating code for: PAPI_L2_TCM
Running for 4 threads
Time:0.476443052
Summary
Running for 4 threads
Time:0.487291098
Summary
Running for 4 threads
Time:0.487087011
Summary
1.939E+06
1.944E+06
1.942E+06
7.782E+06
7.782E+06
7.782E+06
1.248E+08
1.248E+08
1.248E+08
1.617E+06
1.617E+06
1.619E+06
6.482E+06
6.482E+06
6.482E+06
1.039E+08
1.039E+08
1.039E+08
1.608E+06
1.609E+06
1.607E+06
6.445E+06
6.442E+06
6.445E+06
1.033E+08
1.033E+08
1.033E+08
1.572E+06
1.572E+06
1.572E+06
6.294E+06
6.294E+06
6.295E+06
1.008E+08
1.008E+08
1.008E+08
1.936E+06
1.941E+06
1.943E+06
7.781E+06
7.783E+06
7.784E+06
1.248E+08
1.248E+08
1.248E+08
1.618E+06
1.618E+06
1.618E+06
6.483E+06
6.481E+06
6.481E+06
1.039E+08
1.039E+08
1.039E+08
1.608E+06
1.609E+06
1.609E+06
6.446E+06
6.445E+06
6.445E+06
1.033E+08
1.033E+08
1.033E+08
1.572E+06
1.573E+06
1.573E+06
6.293E+06
6.295E+06
6.295E+06
1.008E+08
1.008E+08
1.008E+08
1.95E+06
1.946E+06
1.943E+06
7.782E+06
7.783E+06
7.782E+06
1.248E+08
1.248E+08
1.248E+08
1.62E+06
1.619E+06
1.619E+06
6.482E+06
6.482E+06
6.479E+06
1.039E+08
1.039E+08
1.039E+08
1.582E+06
1.581E+06
1.583E+06
6.354E+06
6.352E+06
6.351E+06
1.018E+08
1.019E+08
1.018E+08
1.574E+06
1.572E+06
1.572E+06
6.295E+06
6.294E+06
6.296E+06
1.008E+08
1.008E+08
1.008E+08
1.942E+06
1.949E+06
1.943E+06
7.783E+06
7.781E+06
7.78E+06
1.248E+08
1.248E+08
1.248E+08

---------------------------------------------------------------------------------------

Gathering L3 Cache Behavior

Evaluating code for: PAPI_L3_TCM
Running for 4 threads
Time:0.487591982
Summary
Running for 4 threads
Time:0.487606049
Summary
Running for 4 threads
Time:0.486546040
Summary
5.27E+05
5.335E+05
5.029E+05
1.973E+06
1.97E+06
1.968E+06
3.104E+07
3.105E+07
3.105E+07
1.995E+05
2.07E+05
2.048E+05
6.804E+05
6.792E+05
6.758E+05
1.024E+07
1.02E+07
1.021E+07
2.025E+05
2.006E+05
1.983E+05
6.414E+05
6.38E+05
6.303E+05
9.616E+06
9.601E+06
9.593E+06
1.556E+05
1.553E+05
1.567E+05
4.803E+05
4.806E+05
4.793E+05
7.074E+06
7.083E+06
7.066E+06
5.323E+05
5.398E+05
5.406E+05
1.981E+06
1.974E+06
1.978E+06
3.107E+07
3.109E+07
3.106E+07
2.066E+05
2.137E+05
2.116E+05
6.642E+05
6.733E+05
6.69E+05
1.026E+07
1.025E+07
1.023E+07
2.036E+05
1.995E+05
2.06E+05
6.448E+05
6.377E+05
6.378E+05
9.665E+06
9.658E+06
9.677E+06
1.562E+05
1.611E+05
1.561E+05
4.861E+05
4.853E+05
4.866E+05
7.141E+06
7.134E+06
7.124E+06
5.427E+05
5.377E+05
5.274E+05
1.982E+06
1.981E+06
1.969E+06
3.073E+07
3.073E+07
3.072E+07
2.101E+05
2.035E+05
2.063E+05
6.756E+05
6.796E+05
6.873E+05
9.884E+06
9.068E+06
9.912E+06
1.712E+05
1.773E+05
1.681E+05
5.489E+05
5.494E+05
5.501E+05
7.815E+06
7.793E+06
7.792E+06
1.491E+05
1.573E+05
1.605E+05
4.9E+05
4.734E+05
4.804E+05
6.746E+06
6.77E+06
6.773E+06
5.373E+05
5.279E+05
5.378E+05
1.976E+06
1.973E+06
1.978E+06
3.071E+07
3.072E+07
3.069E+07

---------------------------------------------------------------------------------------

-------------------------------
Evaluation Complete
-------------------------------
SUMMARY-----------------------------------------
Running for 4 threads
Time:0.532898903
---------------------------
Reading Profile files in profile.*

NODE 0;CONTEXT 0;THREAD 0:
---------------------------------------------------------------------------------------
%Time   Exclusive   Inclusive       #Call      #Subrs Count/Call Name
           counts total counts                            
---------------------------------------------------------------------------------------
100.0         739   3.069E+07           1           1   30693628 .TAU application
100.0        2171   3.069E+07           1           2   30692889 int main() C 
 81.5   2.502E+07   2.502E+07           1           0   25016606 void classic_vec_matmul() C 
 18.5   5.674E+06   5.674E+06           1           0    5674112 void init_array() C 
RAPL
----------------------------
		package-0	: 174.499736J
		package-0	: 176.577734J
		package-0	: 174.591533J
\n\n\n
THREAD=24;SIZE=5000
CONFIG----------
COMPILE---------------------------------------
Using optimization O1
PAPI--------------------

-------------------------------
Evaluation Begin
-------------------------------

Gathering General Metrics

Evaluating code for: PAPI_SP_OPS
Running for 24 threads
Time:0.003827095
Summary
Running for 24 threads
Time:0.003702164
Summary
Running for 24 threads
Time:0.004066944
Summary
3.75E+07
3.75E+07
3.75E+07
1.5E+08
1.5E+08
1.5E+08
2.4E+09
2.4E+09
2.4E+09
2.71E+07
2.71E+07
2.71E+07
1.084E+08
1.084E+08
1.084E+08
1.733E+09
1.733E+09
1.733E+09
2.68E+07
2.68E+07
2.68E+07
1.072E+08
1.072E+08
1.072E+08
1.714E+09
1.714E+09
1.714E+09
2.554E+07
2.554E+07
2.554E+07
1.021E+08
1.021E+08
1.021E+08
1.633E+09
1.633E+09
1.633E+09
3.75E+07
3.75E+07
3.75E+07
1.5E+08
1.5E+08
1.5E+08
2.4E+09
2.4E+09
2.4E+09
2.71E+07
2.71E+07
2.71E+07
1.084E+08
1.084E+08
1.084E+08
1.733E+09
1.733E+09
1.733E+09
2.68E+07
2.68E+07
2.68E+07
1.072E+08
1.072E+08
1.072E+08
1.714E+09
1.714E+09
1.714E+09
2.554E+07
2.554E+07
2.554E+07
1.021E+08
1.021E+08
1.021E+08
1.633E+09
1.633E+09
1.633E+09
3.75E+07
3.75E+07
3.75E+07
1.5E+08
1.5E+08
1.5E+08
2.4E+09
2.4E+09
2.4E+09
2.71E+07
2.71E+07
2.71E+07
1.084E+08
1.084E+08
1.084E+08
1.733E+09
1.733E+09
1.733E+09
2.606E+07
2.606E+07
2.606E+07
1.042E+08
1.042E+08
1.042E+08
1.667E+09
1.667E+09
1.667E+09
2.554E+07
2.554E+07
2.554E+07
1.021E+08
1.021E+08
1.021E+08
1.633E+09
1.633E+09
1.633E+09
3.75E+07
3.75E+07
3.75E+07
1.5E+08
1.5E+08
1.5E+08
2.4E+09
2.4E+09
2.4E+09
2.71E+07
2.71E+07
2.71E+07

---------------------------------------------------------------------------------------

Gathering L1 Cache Behavior

Evaluating code for: PAPI_L1_TCM
Running for 24 threads
Time:0.003817081
Summary
Running for 24 threads
Time:0.004082918
Summary
Running for 24 threads
Time:0.003782034
Summary
2.33E+06
2.329E+06
2.332E+06
9.383E+06
9.382E+06
9.382E+06
1.502E+08
1.502E+08
1.501E+08
1.689E+06
1.69E+06
1.69E+06
6.785E+06
6.784E+06
6.784E+06
1.085E+08
1.085E+08
1.085E+08
1.675E+06
1.674E+06
1.675E+06
6.712E+06
6.711E+06
6.713E+06
1.073E+08
1.073E+08
1.073E+08
1.638E+06
1.64E+06
1.635E+06
6.42E+06
6.429E+06
6.428E+06
1.022E+08
1.022E+08
1.022E+08
2.33E+06
2.331E+06
2.328E+06
9.384E+06
9.383E+06
9.383E+06
1.502E+08
1.502E+08
1.502E+08
1.69E+06
1.69E+06
1.69E+06
6.785E+06
6.784E+06
6.785E+06
1.085E+08
1.085E+08
1.085E+08
1.675E+06
1.674E+06
1.674E+06
6.713E+06
6.714E+06
6.712E+06
1.073E+08
1.073E+08
1.073E+08
1.639E+06
1.635E+06
1.639E+06
6.415E+06
6.419E+06
6.429E+06
1.022E+08
1.022E+08
1.022E+08
2.326E+06
2.326E+06
2.331E+06
9.382E+06
9.383E+06
9.383E+06
1.502E+08
1.502E+08
1.502E+08
1.69E+06
1.69E+06
1.69E+06
6.784E+06
6.784E+06
6.784E+06
1.085E+08
1.085E+08
1.085E+08
1.641E+06
1.63E+06
1.626E+06
6.514E+06
6.51E+06
6.511E+06
1.042E+08
1.043E+08
1.042E+08
1.635E+06
1.634E+06
1.634E+06
6.413E+06
6.422E+06
6.42E+06
1.022E+08
1.022E+08
1.022E+08
2.329E+06
2.33E+06
2.333E+06
9.383E+06
9.383E+06
9.383E+06
1.502E+08
1.502E+08
1.502E+08
1.693E+06
1.691E+06
1.691E+06

---------------------------------------------------------------------------------------

Gathering L2 Cache Behavior

Evaluating code for: PAPI_L2_TCM
Running for 24 threads
Time:0.003988028
Summary
Running for 24 threads
Time:0.004000187
Summary
Running for 24 threads
Time:0.003918171
Summary
1.939E+06
1.944E+06
1.942E+06
7.782E+06
7.782E+06
7.782E+06
1.248E+08
1.248E+08
1.248E+08
1.617E+06
1.617E+06
1.619E+06
6.482E+06
6.482E+06
6.482E+06
1.039E+08
1.039E+08
1.039E+08
1.608E+06
1.609E+06
1.607E+06
6.445E+06
6.442E+06
6.445E+06
1.033E+08
1.033E+08
1.033E+08
1.572E+06
1.572E+06
1.572E+06
6.294E+06
6.294E+06
6.295E+06
1.008E+08
1.008E+08
1.008E+08
1.936E+06
1.941E+06
1.943E+06
7.781E+06
7.783E+06
7.784E+06
1.248E+08
1.248E+08
1.248E+08
1.618E+06
1.618E+06
1.618E+06
6.483E+06
6.481E+06
6.481E+06
1.039E+08
1.039E+08
1.039E+08
1.608E+06
1.609E+06
1.609E+06
6.446E+06
6.445E+06
6.445E+06
1.033E+08
1.033E+08
1.033E+08
1.572E+06
1.573E+06
1.573E+06
6.293E+06
6.295E+06
6.295E+06
1.008E+08
1.008E+08
1.008E+08
1.95E+06
1.946E+06
1.943E+06
7.782E+06
7.783E+06
7.782E+06
1.248E+08
1.248E+08
1.248E+08
1.62E+06
1.619E+06
1.619E+06
6.482E+06
6.482E+06
6.479E+06
1.039E+08
1.039E+08
1.039E+08
1.582E+06
1.581E+06
1.583E+06
6.354E+06
6.352E+06
6.351E+06
1.018E+08
1.019E+08
1.018E+08
1.574E+06
1.572E+06
1.572E+06
6.295E+06
6.294E+06
6.296E+06
1.008E+08
1.008E+08
1.008E+08
1.942E+06
1.949E+06
1.943E+06
7.783E+06
7.781E+06
7.78E+06
1.248E+08
1.248E+08
1.248E+08
1.618E+06
1.62E+06
1.619E+06

---------------------------------------------------------------------------------------

Gathering L3 Cache Behavior

Evaluating code for: PAPI_L3_TCM
Running for 24 threads
Time:0.003679991
Summary
Running for 24 threads
Time:0.003715038
Summary
Running for 24 threads
Time:0.003663063
Summary
5.27E+05
5.335E+05
5.029E+05
1.973E+06
1.97E+06
1.968E+06
3.104E+07
3.105E+07
3.105E+07
1.995E+05
2.07E+05
2.048E+05
6.804E+05
6.792E+05
6.758E+05
1.024E+07
1.02E+07
1.021E+07
2.025E+05
2.006E+05
1.983E+05
6.414E+05
6.38E+05
6.303E+05
9.616E+06
9.601E+06
9.593E+06
1.556E+05
1.553E+05
1.567E+05
4.803E+05
4.806E+05
4.793E+05
7.074E+06
7.083E+06
7.066E+06
5.323E+05
5.398E+05
5.406E+05
1.981E+06
1.974E+06
1.978E+06
3.107E+07
3.109E+07
3.106E+07
2.066E+05
2.137E+05
2.116E+05
6.642E+05
6.733E+05
6.69E+05
1.026E+07
1.025E+07
1.023E+07
2.036E+05
1.995E+05
2.06E+05
6.448E+05
6.377E+05
6.378E+05
9.665E+06
9.658E+06
9.677E+06
1.562E+05
1.611E+05
1.561E+05
4.861E+05
4.853E+05
4.866E+05
7.141E+06
7.134E+06
7.124E+06
5.427E+05
5.377E+05
5.274E+05
1.982E+06
1.981E+06
1.969E+06
3.073E+07
3.073E+07
3.072E+07
2.101E+05
2.035E+05
2.063E+05
6.756E+05
6.796E+05
6.873E+05
9.884E+06
9.068E+06
9.912E+06
1.712E+05
1.773E+05
1.681E+05
5.489E+05
5.494E+05
5.501E+05
7.815E+06
7.793E+06
7.792E+06
1.491E+05
1.573E+05
1.605E+05
4.9E+05
4.734E+05
4.804E+05
6.746E+06
6.77E+06
6.773E+06
5.373E+05
5.279E+05
5.378E+05
1.976E+06
1.973E+06
1.978E+06
3.071E+07
3.072E+07
3.069E+07
2.141E+05
2.051E+05
2.123E+05

---------------------------------------------------------------------------------------

-------------------------------
Evaluation Complete
-------------------------------
SUMMARY-----------------------------------------
Running for 24 threads
Time:0.012115955
---------------------------
Reading Profile files in profile.*

NODE 0;CONTEXT 0;THREAD 0:
---------------------------------------------------------------------------------------
%Time   Exclusive   Inclusive       #Call      #Subrs Count/Call Name
           counts total counts                            
---------------------------------------------------------------------------------------
100.0         855   2.123E+05           1           1     212349 .TAU application
 99.6        2129   2.115E+05           1           2     211494 int main() C 
 63.0   1.338E+05   1.338E+05           1           0     133787 void init_array() C 
 35.6   7.558E+04   7.558E+04           1           0      75578 void classic_vec_matmul() C 
RAPL
----------------------------
		package-0	: 7.300335J
		package-0	: 7.636822J
		package-0	: 7.554485J
\n\n\n
THREAD=24;SIZE=10000
CONFIG----------
COMPILE---------------------------------------
Using optimization O1
PAPI--------------------

-------------------------------
Evaluation Begin
-------------------------------

Gathering General Metrics

Evaluating code for: PAPI_SP_OPS
Running for 24 threads
Time:0.008435011
Summary
Running for 24 threads
Time:0.009028196
Summary
Running for 24 threads
Time:0.008670092
Summary
3.75E+07
3.75E+07
3.75E+07
1.5E+08
1.5E+08
1.5E+08
2.4E+09
2.4E+09
2.4E+09
2.71E+07
2.71E+07
2.71E+07
1.084E+08
1.084E+08
1.084E+08
1.733E+09
1.733E+09
1.733E+09
2.68E+07
2.68E+07
2.68E+07
1.072E+08
1.072E+08
1.072E+08
1.714E+09
1.714E+09
1.714E+09
2.554E+07
2.554E+07
2.554E+07
1.021E+08
1.021E+08
1.021E+08
1.633E+09
1.633E+09
1.633E+09
3.75E+07
3.75E+07
3.75E+07
1.5E+08
1.5E+08
1.5E+08
2.4E+09
2.4E+09
2.4E+09
2.71E+07
2.71E+07
2.71E+07
1.084E+08
1.084E+08
1.084E+08
1.733E+09
1.733E+09
1.733E+09
2.68E+07
2.68E+07
2.68E+07
1.072E+08
1.072E+08
1.072E+08
1.714E+09
1.714E+09
1.714E+09
2.554E+07
2.554E+07
2.554E+07
1.021E+08
1.021E+08
1.021E+08
1.633E+09
1.633E+09
1.633E+09
3.75E+07
3.75E+07
3.75E+07
1.5E+08
1.5E+08
1.5E+08
2.4E+09
2.4E+09
2.4E+09
2.71E+07
2.71E+07
2.71E+07
1.084E+08
1.084E+08
1.084E+08
1.733E+09
1.733E+09
1.733E+09
2.606E+07
2.606E+07
2.606E+07
1.042E+08
1.042E+08
1.042E+08
1.667E+09
1.667E+09
1.667E+09
2.554E+07
2.554E+07
2.554E+07
1.021E+08
1.021E+08
1.021E+08
1.633E+09
1.633E+09
1.633E+09
3.75E+07
3.75E+07
3.75E+07
1.5E+08
1.5E+08
1.5E+08
2.4E+09
2.4E+09
2.4E+09
2.71E+07
2.71E+07
2.71E+07
1.084E+08
1.084E+08
1.084E+08

---------------------------------------------------------------------------------------

Gathering L1 Cache Behavior

Evaluating code for: PAPI_L1_TCM
Running for 24 threads
Time:0.008448124
Summary
Running for 24 threads
Time:0.008027077
Summary
Running for 24 threads
Time:0.008604050
Summary
2.33E+06
2.329E+06
2.332E+06
9.383E+06
9.382E+06
9.382E+06
1.502E+08
1.502E+08
1.501E+08
1.689E+06
1.69E+06
1.69E+06
6.785E+06
6.784E+06
6.784E+06
1.085E+08
1.085E+08
1.085E+08
1.675E+06
1.674E+06
1.675E+06
6.712E+06
6.711E+06
6.713E+06
1.073E+08
1.073E+08
1.073E+08
1.638E+06
1.64E+06
1.635E+06
6.42E+06
6.429E+06
6.428E+06
1.022E+08
1.022E+08
1.022E+08
2.33E+06
2.331E+06
2.328E+06
9.384E+06
9.383E+06
9.383E+06
1.502E+08
1.502E+08
1.502E+08
1.69E+06
1.69E+06
1.69E+06
6.785E+06
6.784E+06
6.785E+06
1.085E+08
1.085E+08
1.085E+08
1.675E+06
1.674E+06
1.674E+06
6.713E+06
6.714E+06
6.712E+06
1.073E+08
1.073E+08
1.073E+08
1.639E+06
1.635E+06
1.639E+06
6.415E+06
6.419E+06
6.429E+06
1.022E+08
1.022E+08
1.022E+08
2.326E+06
2.326E+06
2.331E+06
9.382E+06
9.383E+06
9.383E+06
1.502E+08
1.502E+08
1.502E+08
1.69E+06
1.69E+06
1.69E+06
6.784E+06
6.784E+06
6.784E+06
1.085E+08
1.085E+08
1.085E+08
1.641E+06
1.63E+06
1.626E+06
6.514E+06
6.51E+06
6.511E+06
1.042E+08
1.043E+08
1.042E+08
1.635E+06
1.634E+06
1.634E+06
6.413E+06
6.422E+06
6.42E+06
1.022E+08
1.022E+08
1.022E+08
2.329E+06
2.33E+06
2.333E+06
9.383E+06
9.383E+06
9.383E+06
1.502E+08
1.502E+08
1.502E+08
1.693E+06
1.691E+06
1.691E+06
6.784E+06
6.784E+06
6.784E+06

---------------------------------------------------------------------------------------

Gathering L2 Cache Behavior

Evaluating code for: PAPI_L2_TCM
Running for 24 threads
Time:0.008662939
Summary
Running for 24 threads
Time:0.008910894
Summary
Running for 24 threads
Time:0.007984161
Summary
1.939E+06
1.944E+06
1.942E+06
7.782E+06
7.782E+06
7.782E+06
1.248E+08
1.248E+08
1.248E+08
1.617E+06
1.617E+06
1.619E+06
6.482E+06
6.482E+06
6.482E+06
1.039E+08
1.039E+08
1.039E+08
1.608E+06
1.609E+06
1.607E+06
6.445E+06
6.442E+06
6.445E+06
1.033E+08
1.033E+08
1.033E+08
1.572E+06
1.572E+06
1.572E+06
6.294E+06
6.294E+06
6.295E+06
1.008E+08
1.008E+08
1.008E+08
1.936E+06
1.941E+06
1.943E+06
7.781E+06
7.783E+06
7.784E+06
1.248E+08
1.248E+08
1.248E+08
1.618E+06
1.618E+06
1.618E+06
6.483E+06
6.481E+06
6.481E+06
1.039E+08
1.039E+08
1.039E+08
1.608E+06
1.609E+06
1.609E+06
6.446E+06
6.445E+06
6.445E+06
1.033E+08
1.033E+08
1.033E+08
1.572E+06
1.573E+06
1.573E+06
6.293E+06
6.295E+06
6.295E+06
1.008E+08
1.008E+08
1.008E+08
1.95E+06
1.946E+06
1.943E+06
7.782E+06
7.783E+06
7.782E+06
1.248E+08
1.248E+08
1.248E+08
1.62E+06
1.619E+06
1.619E+06
6.482E+06
6.482E+06
6.479E+06
1.039E+08
1.039E+08
1.039E+08
1.582E+06
1.581E+06
1.583E+06
6.354E+06
6.352E+06
6.351E+06
1.018E+08
1.019E+08
1.018E+08
1.574E+06
1.572E+06
1.572E+06
6.295E+06
6.294E+06
6.296E+06
1.008E+08
1.008E+08
1.008E+08
1.942E+06
1.949E+06
1.943E+06
7.783E+06
7.781E+06
7.78E+06
1.248E+08
1.248E+08
1.248E+08
1.618E+06
1.62E+06
1.619E+06
6.48E+06
6.48E+06
6.481E+06

---------------------------------------------------------------------------------------

Gathering L3 Cache Behavior

Evaluating code for: PAPI_L3_TCM
Running for 24 threads
Time:0.008596182
Summary
Running for 24 threads
Time:0.008882999
Summary
Running for 24 threads
Time:0.008512974
Summary
5.27E+05
5.335E+05
5.029E+05
1.973E+06
1.97E+06
1.968E+06
3.104E+07
3.105E+07
3.105E+07
1.995E+05
2.07E+05
2.048E+05
6.804E+05
6.792E+05
6.758E+05
1.024E+07
1.02E+07
1.021E+07
2.025E+05
2.006E+05
1.983E+05
6.414E+05
6.38E+05
6.303E+05
9.616E+06
9.601E+06
9.593E+06
1.556E+05
1.553E+05
1.567E+05
4.803E+05
4.806E+05
4.793E+05
7.074E+06
7.083E+06
7.066E+06
5.323E+05
5.398E+05
5.406E+05
1.981E+06
1.974E+06
1.978E+06
3.107E+07
3.109E+07
3.106E+07
2.066E+05
2.137E+05
2.116E+05
6.642E+05
6.733E+05
6.69E+05
1.026E+07
1.025E+07
1.023E+07
2.036E+05
1.995E+05
2.06E+05
6.448E+05
6.377E+05
6.378E+05
9.665E+06
9.658E+06
9.677E+06
1.562E+05
1.611E+05
1.561E+05
4.861E+05
4.853E+05
4.866E+05
7.141E+06
7.134E+06
7.124E+06
5.427E+05
5.377E+05
5.274E+05
1.982E+06
1.981E+06
1.969E+06
3.073E+07
3.073E+07
3.072E+07
2.101E+05
2.035E+05
2.063E+05
6.756E+05
6.796E+05
6.873E+05
9.884E+06
9.068E+06
9.912E+06
1.712E+05
1.773E+05
1.681E+05
5.489E+05
5.494E+05
5.501E+05
7.815E+06
7.793E+06
7.792E+06
1.491E+05
1.573E+05
1.605E+05
4.9E+05
4.734E+05
4.804E+05
6.746E+06
6.77E+06
6.773E+06
5.373E+05
5.279E+05
5.378E+05
1.976E+06
1.973E+06
1.978E+06
3.071E+07
3.072E+07
3.069E+07
2.141E+05
2.051E+05
2.123E+05
6.739E+05
6.818E+05
6.819E+05

---------------------------------------------------------------------------------------

-------------------------------
Evaluation Complete
-------------------------------
SUMMARY-----------------------------------------
Running for 24 threads
Time:0.016034126
---------------------------
Reading Profile files in profile.*

NODE 0;CONTEXT 0;THREAD 0:
---------------------------------------------------------------------------------------
%Time   Exclusive   Inclusive       #Call      #Subrs Count/Call Name
           counts total counts                            
---------------------------------------------------------------------------------------
100.0         719   6.819E+05           1           1     681887 .TAU application
 99.9        2225   6.812E+05           1           2     681168 int main() C 
 60.6   4.135E+05   4.135E+05           1           0     413453 void init_array() C 
 38.9   2.655E+05   2.655E+05           1           0     265490 void classic_vec_matmul() C 
RAPL
----------------------------
		package-0	: 14.559839J
		package-0	: 14.540246J
		package-0	: 14.677514J
\n\n\n
THREAD=24;SIZE=40000
CONFIG----------
COMPILE---------------------------------------
Using optimization O1
PAPI--------------------

-------------------------------
Evaluation Begin
-------------------------------

Gathering General Metrics

Evaluating code for: PAPI_SP_OPS
Running for 24 threads
Time:0.117251873
Summary
Running for 24 threads
Time:0.117541075
Summary
Running for 24 threads
Time:0.120723009
Summary
3.75E+07
3.75E+07
3.75E+07
1.5E+08
1.5E+08
1.5E+08
2.4E+09
2.4E+09
2.4E+09
2.71E+07
2.71E+07
2.71E+07
1.084E+08
1.084E+08
1.084E+08
1.733E+09
1.733E+09
1.733E+09
2.68E+07
2.68E+07
2.68E+07
1.072E+08
1.072E+08
1.072E+08
1.714E+09
1.714E+09
1.714E+09
2.554E+07
2.554E+07
2.554E+07
1.021E+08
1.021E+08
1.021E+08
1.633E+09
1.633E+09
1.633E+09
3.75E+07
3.75E+07
3.75E+07
1.5E+08
1.5E+08
1.5E+08
2.4E+09
2.4E+09
2.4E+09
2.71E+07
2.71E+07
2.71E+07
1.084E+08
1.084E+08
1.084E+08
1.733E+09
1.733E+09
1.733E+09
2.68E+07
2.68E+07
2.68E+07
1.072E+08
1.072E+08
1.072E+08
1.714E+09
1.714E+09
1.714E+09
2.554E+07
2.554E+07
2.554E+07
1.021E+08
1.021E+08
1.021E+08
1.633E+09
1.633E+09
1.633E+09
3.75E+07
3.75E+07
3.75E+07
1.5E+08
1.5E+08
1.5E+08
2.4E+09
2.4E+09
2.4E+09
2.71E+07
2.71E+07
2.71E+07
1.084E+08
1.084E+08
1.084E+08
1.733E+09
1.733E+09
1.733E+09
2.606E+07
2.606E+07
2.606E+07
1.042E+08
1.042E+08
1.042E+08
1.667E+09
1.667E+09
1.667E+09
2.554E+07
2.554E+07
2.554E+07
1.021E+08
1.021E+08
1.021E+08
1.633E+09
1.633E+09
1.633E+09
3.75E+07
3.75E+07
3.75E+07
1.5E+08
1.5E+08
1.5E+08
2.4E+09
2.4E+09
2.4E+09
2.71E+07
2.71E+07
2.71E+07
1.084E+08
1.084E+08
1.084E+08
1.733E+09
1.733E+09
1.733E+09

---------------------------------------------------------------------------------------

Gathering L1 Cache Behavior

Evaluating code for: PAPI_L1_TCM
Running for 24 threads
Time:0.115772009
Summary
Running for 24 threads
Time:0.117568970
Summary
Running for 24 threads
Time:0.113811016
Summary
2.33E+06
2.329E+06
2.332E+06
9.383E+06
9.382E+06
9.382E+06
1.502E+08
1.502E+08
1.501E+08
1.689E+06
1.69E+06
1.69E+06
6.785E+06
6.784E+06
6.784E+06
1.085E+08
1.085E+08
1.085E+08
1.675E+06
1.674E+06
1.675E+06
6.712E+06
6.711E+06
6.713E+06
1.073E+08
1.073E+08
1.073E+08
1.638E+06
1.64E+06
1.635E+06
6.42E+06
6.429E+06
6.428E+06
1.022E+08
1.022E+08
1.022E+08
2.33E+06
2.331E+06
2.328E+06
9.384E+06
9.383E+06
9.383E+06
1.502E+08
1.502E+08
1.502E+08
1.69E+06
1.69E+06
1.69E+06
6.785E+06
6.784E+06
6.785E+06
1.085E+08
1.085E+08
1.085E+08
1.675E+06
1.674E+06
1.674E+06
6.713E+06
6.714E+06
6.712E+06
1.073E+08
1.073E+08
1.073E+08
1.639E+06
1.635E+06
1.639E+06
6.415E+06
6.419E+06
6.429E+06
1.022E+08
1.022E+08
1.022E+08
2.326E+06
2.326E+06
2.331E+06
9.382E+06
9.383E+06
9.383E+06
1.502E+08
1.502E+08
1.502E+08
1.69E+06
1.69E+06
1.69E+06
6.784E+06
6.784E+06
6.784E+06
1.085E+08
1.085E+08
1.085E+08
1.641E+06
1.63E+06
1.626E+06
6.514E+06
6.51E+06
6.511E+06
1.042E+08
1.043E+08
1.042E+08
1.635E+06
1.634E+06
1.634E+06
6.413E+06
6.422E+06
6.42E+06
1.022E+08
1.022E+08
1.022E+08
2.329E+06
2.33E+06
2.333E+06
9.383E+06
9.383E+06
9.383E+06
1.502E+08
1.502E+08
1.502E+08
1.693E+06
1.691E+06
1.691E+06
6.784E+06
6.784E+06
6.784E+06
1.085E+08
1.085E+08
1.085E+08

---------------------------------------------------------------------------------------

Gathering L2 Cache Behavior

Evaluating code for: PAPI_L2_TCM
Running for 24 threads
Time:0.116205931
Summary
Running for 24 threads
Time:0.130682945
Summary
Running for 24 threads
Time:0.114205122
Summary
1.939E+06
1.944E+06
1.942E+06
7.782E+06
7.782E+06
7.782E+06
1.248E+08
1.248E+08
1.248E+08
1.617E+06
1.617E+06
1.619E+06
6.482E+06
6.482E+06
6.482E+06
1.039E+08
1.039E+08
1.039E+08
1.608E+06
1.609E+06
1.607E+06
6.445E+06
6.442E+06
6.445E+06
1.033E+08
1.033E+08
1.033E+08
1.572E+06
1.572E+06
1.572E+06
6.294E+06
6.294E+06
6.295E+06
1.008E+08
1.008E+08
1.008E+08
1.936E+06
1.941E+06
1.943E+06
7.781E+06
7.783E+06
7.784E+06
1.248E+08
1.248E+08
1.248E+08
1.618E+06
1.618E+06
1.618E+06
6.483E+06
6.481E+06
6.481E+06
1.039E+08
1.039E+08
1.039E+08
1.608E+06
1.609E+06
1.609E+06
6.446E+06
6.445E+06
6.445E+06
1.033E+08
1.033E+08
1.033E+08
1.572E+06
1.573E+06
1.573E+06
6.293E+06
6.295E+06
6.295E+06
1.008E+08
1.008E+08
1.008E+08
1.95E+06
1.946E+06
1.943E+06
7.782E+06
7.783E+06
7.782E+06
1.248E+08
1.248E+08
1.248E+08
1.62E+06
1.619E+06
1.619E+06
6.482E+06
6.482E+06
6.479E+06
1.039E+08
1.039E+08
1.039E+08
1.582E+06
1.581E+06
1.583E+06
6.354E+06
6.352E+06
6.351E+06
1.018E+08
1.019E+08
1.018E+08
1.574E+06
1.572E+06
1.572E+06
6.295E+06
6.294E+06
6.296E+06
1.008E+08
1.008E+08
1.008E+08
1.942E+06
1.949E+06
1.943E+06
7.783E+06
7.781E+06
7.78E+06
1.248E+08
1.248E+08
1.248E+08
1.618E+06
1.62E+06
1.619E+06
6.48E+06
6.48E+06
6.481E+06
1.039E+08
1.039E+08
1.039E+08

---------------------------------------------------------------------------------------

Gathering L3 Cache Behavior

Evaluating code for: PAPI_L3_TCM
Running for 24 threads
Time:0.114278078
Summary
Running for 24 threads
Time:0.118541002
Summary
Running for 24 threads
Time:0.116476059
Summary
5.27E+05
5.335E+05
5.029E+05
1.973E+06
1.97E+06
1.968E+06
3.104E+07
3.105E+07
3.105E+07
1.995E+05
2.07E+05
2.048E+05
6.804E+05
6.792E+05
6.758E+05
1.024E+07
1.02E+07
1.021E+07
2.025E+05
2.006E+05
1.983E+05
6.414E+05
6.38E+05
6.303E+05
9.616E+06
9.601E+06
9.593E+06
1.556E+05
1.553E+05
1.567E+05
4.803E+05
4.806E+05
4.793E+05
7.074E+06
7.083E+06
7.066E+06
5.323E+05
5.398E+05
5.406E+05
1.981E+06
1.974E+06
1.978E+06
3.107E+07
3.109E+07
3.106E+07
2.066E+05
2.137E+05
2.116E+05
6.642E+05
6.733E+05
6.69E+05
1.026E+07
1.025E+07
1.023E+07
2.036E+05
1.995E+05
2.06E+05
6.448E+05
6.377E+05
6.378E+05
9.665E+06
9.658E+06
9.677E+06
1.562E+05
1.611E+05
1.561E+05
4.861E+05
4.853E+05
4.866E+05
7.141E+06
7.134E+06
7.124E+06
5.427E+05
5.377E+05
5.274E+05
1.982E+06
1.981E+06
1.969E+06
3.073E+07
3.073E+07
3.072E+07
2.101E+05
2.035E+05
2.063E+05
6.756E+05
6.796E+05
6.873E+05
9.884E+06
9.068E+06
9.912E+06
1.712E+05
1.773E+05
1.681E+05
5.489E+05
5.494E+05
5.501E+05
7.815E+06
7.793E+06
7.792E+06
1.491E+05
1.573E+05
1.605E+05
4.9E+05
4.734E+05
4.804E+05
6.746E+06
6.77E+06
6.773E+06
5.373E+05
5.279E+05
5.378E+05
1.976E+06
1.973E+06
1.978E+06
3.071E+07
3.072E+07
3.069E+07
2.141E+05
2.051E+05
2.123E+05
6.739E+05
6.818E+05
6.819E+05
9.857E+06
9.855E+06
9.85E+06

---------------------------------------------------------------------------------------

-------------------------------
Evaluation Complete
-------------------------------
SUMMARY-----------------------------------------
Running for 24 threads
Time:0.141472101
---------------------------
Reading Profile files in profile.*

NODE 0;CONTEXT 0;THREAD 0:
---------------------------------------------------------------------------------------
%Time   Exclusive   Inclusive       #Call      #Subrs Count/Call Name
           counts total counts                            
---------------------------------------------------------------------------------------
100.0         834    9.85E+06           1           1    9850483 .TAU application
100.0        2425    9.85E+06           1           2    9849649 int main() C 
 57.6   5.676E+06   5.676E+06           1           0    5675772 void init_array() C 
 42.3   4.171E+06   4.171E+06           1           0    4171452 void classic_vec_matmul() C 
RAPL
----------------------------
		package-0	: 156.960109J
		package-0	: 153.396763J
		package-0	: 153.504184J
\n\n\n
THREAD=48;SIZE=5000
CONFIG----------
COMPILE---------------------------------------
Using optimization O1
PAPI--------------------

-------------------------------
Evaluation Begin
-------------------------------

Gathering General Metrics

Evaluating code for: PAPI_SP_OPS
Running for 48 threads
Time:0.005288124
Summary
Running for 48 threads
Time:0.005708933
Summary
Running for 48 threads
Time:0.005157948
Summary
3.75E+07
3.75E+07
3.75E+07
1.5E+08
1.5E+08
1.5E+08
2.4E+09
2.4E+09
2.4E+09
2.71E+07
2.71E+07
2.71E+07
1.084E+08
1.084E+08
1.084E+08
1.733E+09
1.733E+09
1.733E+09
2.68E+07
2.68E+07
2.68E+07
1.072E+08
1.072E+08
1.072E+08
1.714E+09
1.714E+09
1.714E+09
2.554E+07
2.554E+07
2.554E+07
1.021E+08
1.021E+08
1.021E+08
1.633E+09
1.633E+09
1.633E+09
3.75E+07
3.75E+07
3.75E+07
1.5E+08
1.5E+08
1.5E+08
2.4E+09
2.4E+09
2.4E+09
2.71E+07
2.71E+07
2.71E+07
1.084E+08
1.084E+08
1.084E+08
1.733E+09
1.733E+09
1.733E+09
2.68E+07
2.68E+07
2.68E+07
1.072E+08
1.072E+08
1.072E+08
1.714E+09
1.714E+09
1.714E+09
2.554E+07
2.554E+07
2.554E+07
1.021E+08
1.021E+08
1.021E+08
1.633E+09
1.633E+09
1.633E+09
3.75E+07
3.75E+07
3.75E+07
1.5E+08
1.5E+08
1.5E+08
2.4E+09
2.4E+09
2.4E+09
2.71E+07
2.71E+07
2.71E+07
1.084E+08
1.084E+08
1.084E+08
1.733E+09
1.733E+09
1.733E+09
2.606E+07
2.606E+07
2.606E+07
1.042E+08
1.042E+08
1.042E+08
1.667E+09
1.667E+09
1.667E+09
2.554E+07
2.554E+07
2.554E+07
1.021E+08
1.021E+08
1.021E+08
1.633E+09
1.633E+09
1.633E+09
3.75E+07
3.75E+07
3.75E+07
1.5E+08
1.5E+08
1.5E+08
2.4E+09
2.4E+09
2.4E+09
2.71E+07
2.71E+07
2.71E+07
1.084E+08
1.084E+08
1.084E+08
1.733E+09
1.733E+09
1.733E+09
2.606E+07
2.606E+07
2.606E+07

---------------------------------------------------------------------------------------

Gathering L1 Cache Behavior

Evaluating code for: PAPI_L1_TCM
Running for 48 threads
Time:0.005923033
Summary
Running for 48 threads
Time:0.005446196
Summary
Running for 48 threads
Time:0.005548000
Summary
2.33E+06
2.329E+06
2.332E+06
9.383E+06
9.382E+06
9.382E+06
1.502E+08
1.502E+08
1.501E+08
1.689E+06
1.69E+06
1.69E+06
6.785E+06
6.784E+06
6.784E+06
1.085E+08
1.085E+08
1.085E+08
1.675E+06
1.674E+06
1.675E+06
6.712E+06
6.711E+06
6.713E+06
1.073E+08
1.073E+08
1.073E+08
1.638E+06
1.64E+06
1.635E+06
6.42E+06
6.429E+06
6.428E+06
1.022E+08
1.022E+08
1.022E+08
2.33E+06
2.331E+06
2.328E+06
9.384E+06
9.383E+06
9.383E+06
1.502E+08
1.502E+08
1.502E+08
1.69E+06
1.69E+06
1.69E+06
6.785E+06
6.784E+06
6.785E+06
1.085E+08
1.085E+08
1.085E+08
1.675E+06
1.674E+06
1.674E+06
6.713E+06
6.714E+06
6.712E+06
1.073E+08
1.073E+08
1.073E+08
1.639E+06
1.635E+06
1.639E+06
6.415E+06
6.419E+06
6.429E+06
1.022E+08
1.022E+08
1.022E+08
2.326E+06
2.326E+06
2.331E+06
9.382E+06
9.383E+06
9.383E+06
1.502E+08
1.502E+08
1.502E+08
1.69E+06
1.69E+06
1.69E+06
6.784E+06
6.784E+06
6.784E+06
1.085E+08
1.085E+08
1.085E+08
1.641E+06
1.63E+06
1.626E+06
6.514E+06
6.51E+06
6.511E+06
1.042E+08
1.043E+08
1.042E+08
1.635E+06
1.634E+06
1.634E+06
6.413E+06
6.422E+06
6.42E+06
1.022E+08
1.022E+08
1.022E+08
2.329E+06
2.33E+06
2.333E+06
9.383E+06
9.383E+06
9.383E+06
1.502E+08
1.502E+08
1.502E+08
1.693E+06
1.691E+06
1.691E+06
6.784E+06
6.784E+06
6.784E+06
1.085E+08
1.085E+08
1.085E+08
1.623E+06
1.625E+06
1.628E+06

---------------------------------------------------------------------------------------

Gathering L2 Cache Behavior

Evaluating code for: PAPI_L2_TCM
Running for 48 threads
Time:0.005734921
Summary
Running for 48 threads
Time:0.005444050
Summary
Running for 48 threads
Time:0.005342007
Summary
1.939E+06
1.944E+06
1.942E+06
7.782E+06
7.782E+06
7.782E+06
1.248E+08
1.248E+08
1.248E+08
1.617E+06
1.617E+06
1.619E+06
6.482E+06
6.482E+06
6.482E+06
1.039E+08
1.039E+08
1.039E+08
1.608E+06
1.609E+06
1.607E+06
6.445E+06
6.442E+06
6.445E+06
1.033E+08
1.033E+08
1.033E+08
1.572E+06
1.572E+06
1.572E+06
6.294E+06
6.294E+06
6.295E+06
1.008E+08
1.008E+08
1.008E+08
1.936E+06
1.941E+06
1.943E+06
7.781E+06
7.783E+06
7.784E+06
1.248E+08
1.248E+08
1.248E+08
1.618E+06
1.618E+06
1.618E+06
6.483E+06
6.481E+06
6.481E+06
1.039E+08
1.039E+08
1.039E+08
1.608E+06
1.609E+06
1.609E+06
6.446E+06
6.445E+06
6.445E+06
1.033E+08
1.033E+08
1.033E+08
1.572E+06
1.573E+06
1.573E+06
6.293E+06
6.295E+06
6.295E+06
1.008E+08
1.008E+08
1.008E+08
1.95E+06
1.946E+06
1.943E+06
7.782E+06
7.783E+06
7.782E+06
1.248E+08
1.248E+08
1.248E+08
1.62E+06
1.619E+06
1.619E+06
6.482E+06
6.482E+06
6.479E+06
1.039E+08
1.039E+08
1.039E+08
1.582E+06
1.581E+06
1.583E+06
6.354E+06
6.352E+06
6.351E+06
1.018E+08
1.019E+08
1.018E+08
1.574E+06
1.572E+06
1.572E+06
6.295E+06
6.294E+06
6.296E+06
1.008E+08
1.008E+08
1.008E+08
1.942E+06
1.949E+06
1.943E+06
7.783E+06
7.781E+06
7.78E+06
1.248E+08
1.248E+08
1.248E+08
1.618E+06
1.62E+06
1.619E+06
6.48E+06
6.48E+06
6.481E+06
1.039E+08
1.039E+08
1.039E+08
1.583E+06
1.581E+06
1.582E+06

---------------------------------------------------------------------------------------

Gathering L3 Cache Behavior

Evaluating code for: PAPI_L3_TCM
Running for 48 threads
Time:0.005128145
Summary
Running for 48 threads
Time:0.005182028
Summary
Running for 48 threads
Time:0.005596876
Summary
5.27E+05
5.335E+05
5.029E+05
1.973E+06
1.97E+06
1.968E+06
3.104E+07
3.105E+07
3.105E+07
1.995E+05
2.07E+05
2.048E+05
6.804E+05
6.792E+05
6.758E+05
1.024E+07
1.02E+07
1.021E+07
2.025E+05
2.006E+05
1.983E+05
6.414E+05
6.38E+05
6.303E+05
9.616E+06
9.601E+06
9.593E+06
1.556E+05
1.553E+05
1.567E+05
4.803E+05
4.806E+05
4.793E+05
7.074E+06
7.083E+06
7.066E+06
5.323E+05
5.398E+05
5.406E+05
1.981E+06
1.974E+06
1.978E+06
3.107E+07
3.109E+07
3.106E+07
2.066E+05
2.137E+05
2.116E+05
6.642E+05
6.733E+05
6.69E+05
1.026E+07
1.025E+07
1.023E+07
2.036E+05
1.995E+05
2.06E+05
6.448E+05
6.377E+05
6.378E+05
9.665E+06
9.658E+06
9.677E+06
1.562E+05
1.611E+05
1.561E+05
4.861E+05
4.853E+05
4.866E+05
7.141E+06
7.134E+06
7.124E+06
5.427E+05
5.377E+05
5.274E+05
1.982E+06
1.981E+06
1.969E+06
3.073E+07
3.073E+07
3.072E+07
2.101E+05
2.035E+05
2.063E+05
6.756E+05
6.796E+05
6.873E+05
9.884E+06
9.068E+06
9.912E+06
1.712E+05
1.773E+05
1.681E+05
5.489E+05
5.494E+05
5.501E+05
7.815E+06
7.793E+06
7.792E+06
1.491E+05
1.573E+05
1.605E+05
4.9E+05
4.734E+05
4.804E+05
6.746E+06
6.77E+06
6.773E+06
5.373E+05
5.279E+05
5.378E+05
1.976E+06
1.973E+06
1.978E+06
3.071E+07
3.072E+07
3.069E+07
2.141E+05
2.051E+05
2.123E+05
6.739E+05
6.818E+05
6.819E+05
9.857E+06
9.855E+06
9.85E+06
1.68E+05
1.763E+05
1.736E+05

---------------------------------------------------------------------------------------

-------------------------------
Evaluation Complete
-------------------------------
SUMMARY-----------------------------------------
Running for 48 threads
Time:0.016414881
---------------------------
Reading Profile files in profile.*

NODE 0;CONTEXT 0;THREAD 0:
---------------------------------------------------------------------------------------
%Time   Exclusive   Inclusive       #Call      #Subrs Count/Call Name
           counts total counts                            
---------------------------------------------------------------------------------------
100.0         796   1.736E+05           1           1     173585 .TAU application
 99.5        2038   1.728E+05           1           2     172789 int main() C 
 75.7   1.313E+05   1.313E+05           1           0     131347 void init_array() C 
 22.7    3.94E+04    3.94E+04           1           0      39404 void classic_vec_matmul() C 
RAPL
----------------------------
		package-0	: 37.536159J
		package-0	: 8.005656J
		package-0	: 6.778059J
\n\n\n
THREAD=48;SIZE=10000
CONFIG----------
COMPILE---------------------------------------
Using optimization O1
PAPI--------------------

-------------------------------
Evaluation Begin
-------------------------------

Gathering General Metrics

Evaluating code for: PAPI_SP_OPS
Running for 48 threads
Time:0.009914160
Summary
Running for 48 threads
Time:0.010339975
Summary
Running for 48 threads
Time:0.010432959
Summary
3.75E+07
3.75E+07
3.75E+07
1.5E+08
1.5E+08
1.5E+08
2.4E+09
2.4E+09
2.4E+09
2.71E+07
2.71E+07
2.71E+07
1.084E+08
1.084E+08
1.084E+08
1.733E+09
1.733E+09
1.733E+09
2.68E+07
2.68E+07
2.68E+07
1.072E+08
1.072E+08
1.072E+08
1.714E+09
1.714E+09
1.714E+09
2.554E+07
2.554E+07
2.554E+07
1.021E+08
1.021E+08
1.021E+08
1.633E+09
1.633E+09
1.633E+09
3.75E+07
3.75E+07
3.75E+07
1.5E+08
1.5E+08
1.5E+08
2.4E+09
2.4E+09
2.4E+09
2.71E+07
2.71E+07
2.71E+07
1.084E+08
1.084E+08
1.084E+08
1.733E+09
1.733E+09
1.733E+09
2.68E+07
2.68E+07
2.68E+07
1.072E+08
1.072E+08
1.072E+08
1.714E+09
1.714E+09
1.714E+09
2.554E+07
2.554E+07
2.554E+07
1.021E+08
1.021E+08
1.021E+08
1.633E+09
1.633E+09
1.633E+09
3.75E+07
3.75E+07
3.75E+07
1.5E+08
1.5E+08
1.5E+08
2.4E+09
2.4E+09
2.4E+09
2.71E+07
2.71E+07
2.71E+07
1.084E+08
1.084E+08
1.084E+08
1.733E+09
1.733E+09
1.733E+09
2.606E+07
2.606E+07
2.606E+07
1.042E+08
1.042E+08
1.042E+08
1.667E+09
1.667E+09
1.667E+09
2.554E+07
2.554E+07
2.554E+07
1.021E+08
1.021E+08
1.021E+08
1.633E+09
1.633E+09
1.633E+09
3.75E+07
3.75E+07
3.75E+07
1.5E+08
1.5E+08
1.5E+08
2.4E+09
2.4E+09
2.4E+09
2.71E+07
2.71E+07
2.71E+07
1.084E+08
1.084E+08
1.084E+08
1.733E+09
1.733E+09
1.733E+09
2.606E+07
2.606E+07
2.606E+07
1.042E+08
1.042E+08
1.042E+08

---------------------------------------------------------------------------------------

Gathering L1 Cache Behavior

Evaluating code for: PAPI_L1_TCM
Running for 48 threads
Time:0.010061979
Summary
Running for 48 threads
Time:0.010015965
Summary
Running for 48 threads
Time:0.009686947
Summary
2.33E+06
2.329E+06
2.332E+06
9.383E+06
9.382E+06
9.382E+06
1.502E+08
1.502E+08
1.501E+08
1.689E+06
1.69E+06
1.69E+06
6.785E+06
6.784E+06
6.784E+06
1.085E+08
1.085E+08
1.085E+08
1.675E+06
1.674E+06
1.675E+06
6.712E+06
6.711E+06
6.713E+06
1.073E+08
1.073E+08
1.073E+08
1.638E+06
1.64E+06
1.635E+06
6.42E+06
6.429E+06
6.428E+06
1.022E+08
1.022E+08
1.022E+08
2.33E+06
2.331E+06
2.328E+06
9.384E+06
9.383E+06
9.383E+06
1.502E+08
1.502E+08
1.502E+08
1.69E+06
1.69E+06
1.69E+06
6.785E+06
6.784E+06
6.785E+06
1.085E+08
1.085E+08
1.085E+08
1.675E+06
1.674E+06
1.674E+06
6.713E+06
6.714E+06
6.712E+06
1.073E+08
1.073E+08
1.073E+08
1.639E+06
1.635E+06
1.639E+06
6.415E+06
6.419E+06
6.429E+06
1.022E+08
1.022E+08
1.022E+08
2.326E+06
2.326E+06
2.331E+06
9.382E+06
9.383E+06
9.383E+06
1.502E+08
1.502E+08
1.502E+08
1.69E+06
1.69E+06
1.69E+06
6.784E+06
6.784E+06
6.784E+06
1.085E+08
1.085E+08
1.085E+08
1.641E+06
1.63E+06
1.626E+06
6.514E+06
6.51E+06
6.511E+06
1.042E+08
1.043E+08
1.042E+08
1.635E+06
1.634E+06
1.634E+06
6.413E+06
6.422E+06
6.42E+06
1.022E+08
1.022E+08
1.022E+08
2.329E+06
2.33E+06
2.333E+06
9.383E+06
9.383E+06
9.383E+06
1.502E+08
1.502E+08
1.502E+08
1.693E+06
1.691E+06
1.691E+06
6.784E+06
6.784E+06
6.784E+06
1.085E+08
1.085E+08
1.085E+08
1.623E+06
1.625E+06
1.628E+06
6.513E+06
6.51E+06
6.512E+06

---------------------------------------------------------------------------------------

Gathering L2 Cache Behavior

Evaluating code for: PAPI_L2_TCM
Running for 48 threads
Time:0.009930849
Summary
Running for 48 threads
Time:0.009931087
Summary
Running for 48 threads
Time:0.010243893
Summary
1.939E+06
1.944E+06
1.942E+06
7.782E+06
7.782E+06
7.782E+06
1.248E+08
1.248E+08
1.248E+08
1.617E+06
1.617E+06
1.619E+06
6.482E+06
6.482E+06
6.482E+06
1.039E+08
1.039E+08
1.039E+08
1.608E+06
1.609E+06
1.607E+06
6.445E+06
6.442E+06
6.445E+06
1.033E+08
1.033E+08
1.033E+08
1.572E+06
1.572E+06
1.572E+06
6.294E+06
6.294E+06
6.295E+06
1.008E+08
1.008E+08
1.008E+08
1.936E+06
1.941E+06
1.943E+06
7.781E+06
7.783E+06
7.784E+06
1.248E+08
1.248E+08
1.248E+08
1.618E+06
1.618E+06
1.618E+06
6.483E+06
6.481E+06
6.481E+06
1.039E+08
1.039E+08
1.039E+08
1.608E+06
1.609E+06
1.609E+06
6.446E+06
6.445E+06
6.445E+06
1.033E+08
1.033E+08
1.033E+08
1.572E+06
1.573E+06
1.573E+06
6.293E+06
6.295E+06
6.295E+06
1.008E+08
1.008E+08
1.008E+08
1.95E+06
1.946E+06
1.943E+06
7.782E+06
7.783E+06
7.782E+06
1.248E+08
1.248E+08
1.248E+08
1.62E+06
1.619E+06
1.619E+06
6.482E+06
6.482E+06
6.479E+06
1.039E+08
1.039E+08
1.039E+08
1.582E+06
1.581E+06
1.583E+06
6.354E+06
6.352E+06
6.351E+06
1.018E+08
1.019E+08
1.018E+08
1.574E+06
1.572E+06
1.572E+06
6.295E+06
6.294E+06
6.296E+06
1.008E+08
1.008E+08
1.008E+08
1.942E+06
1.949E+06
1.943E+06
7.783E+06
7.781E+06
7.78E+06
1.248E+08
1.248E+08
1.248E+08
1.618E+06
1.62E+06
1.619E+06
6.48E+06
6.48E+06
6.481E+06
1.039E+08
1.039E+08
1.039E+08
1.583E+06
1.581E+06
1.582E+06
6.352E+06
6.358E+06
6.352E+06

---------------------------------------------------------------------------------------

Gathering L3 Cache Behavior

Evaluating code for: PAPI_L3_TCM
Running for 48 threads
Time:0.010564089
Summary
Running for 48 threads
Time:0.009814024
Summary
Running for 48 threads
Time:0.009957075
Summary
5.27E+05
5.335E+05
5.029E+05
1.973E+06
1.97E+06
1.968E+06
3.104E+07
3.105E+07
3.105E+07
1.995E+05
2.07E+05
2.048E+05
6.804E+05
6.792E+05
6.758E+05
1.024E+07
1.02E+07
1.021E+07
2.025E+05
2.006E+05
1.983E+05
6.414E+05
6.38E+05
6.303E+05
9.616E+06
9.601E+06
9.593E+06
1.556E+05
1.553E+05
1.567E+05
4.803E+05
4.806E+05
4.793E+05
7.074E+06
7.083E+06
7.066E+06
5.323E+05
5.398E+05
5.406E+05
1.981E+06
1.974E+06
1.978E+06
3.107E+07
3.109E+07
3.106E+07
2.066E+05
2.137E+05
2.116E+05
6.642E+05
6.733E+05
6.69E+05
1.026E+07
1.025E+07
1.023E+07
2.036E+05
1.995E+05
2.06E+05
6.448E+05
6.377E+05
6.378E+05
9.665E+06
9.658E+06
9.677E+06
1.562E+05
1.611E+05
1.561E+05
4.861E+05
4.853E+05
4.866E+05
7.141E+06
7.134E+06
7.124E+06
5.427E+05
5.377E+05
5.274E+05
1.982E+06
1.981E+06
1.969E+06
3.073E+07
3.073E+07
3.072E+07
2.101E+05
2.035E+05
2.063E+05
6.756E+05
6.796E+05
6.873E+05
9.884E+06
9.068E+06
9.912E+06
1.712E+05
1.773E+05
1.681E+05
5.489E+05
5.494E+05
5.501E+05
7.815E+06
7.793E+06
7.792E+06
1.491E+05
1.573E+05
1.605E+05
4.9E+05
4.734E+05
4.804E+05
6.746E+06
6.77E+06
6.773E+06
5.373E+05
5.279E+05
5.378E+05
1.976E+06
1.973E+06
1.978E+06
3.071E+07
3.072E+07
3.069E+07
2.141E+05
2.051E+05
2.123E+05
6.739E+05
6.818E+05
6.819E+05
9.857E+06
9.855E+06
9.85E+06
1.68E+05
1.763E+05
1.736E+05
5.484E+05
5.42E+05
5.548E+05

---------------------------------------------------------------------------------------

-------------------------------
Evaluation Complete
-------------------------------
SUMMARY-----------------------------------------
Running for 48 threads
Time:0.021597862
---------------------------
Reading Profile files in profile.*

NODE 0;CONTEXT 0;THREAD 0:
---------------------------------------------------------------------------------------
%Time   Exclusive   Inclusive       #Call      #Subrs Count/Call Name
           counts total counts                            
---------------------------------------------------------------------------------------
100.0         824   5.548E+05           1           1     554750 .TAU application
 99.9        2146   5.539E+05           1           2     553926 int main() C 
 75.0   4.161E+05   4.161E+05           1           0     416136 void init_array() C 
 24.5   1.356E+05   1.356E+05           1           0     135644 void classic_vec_matmul() C 
RAPL
----------------------------
		package-0	: 14.454553J
		package-0	: 14.542992J
		package-0	: 14.709984J
\n\n\n
THREAD=48;SIZE=40000
CONFIG----------
COMPILE---------------------------------------
Using optimization O1
PAPI--------------------

-------------------------------
Evaluation Begin
-------------------------------

Gathering General Metrics

Evaluating code for: PAPI_SP_OPS
Running for 48 threads
Time:0.102405071
Summary
Running for 48 threads
Time:0.106071949
Summary
Running for 48 threads
Time:0.102582932
Summary
3.75E+07
3.75E+07
3.75E+07
1.5E+08
1.5E+08
1.5E+08
2.4E+09
2.4E+09
2.4E+09
2.71E+07
2.71E+07
2.71E+07
1.084E+08
1.084E+08
1.084E+08
1.733E+09
1.733E+09
1.733E+09
2.68E+07
2.68E+07
2.68E+07
1.072E+08
1.072E+08
1.072E+08
1.714E+09
1.714E+09
1.714E+09
2.554E+07
2.554E+07
2.554E+07
1.021E+08
1.021E+08
1.021E+08
1.633E+09
1.633E+09
1.633E+09
3.75E+07
3.75E+07
3.75E+07
1.5E+08
1.5E+08
1.5E+08
2.4E+09
2.4E+09
2.4E+09
2.71E+07
2.71E+07
2.71E+07
1.084E+08
1.084E+08
1.084E+08
1.733E+09
1.733E+09
1.733E+09
2.68E+07
2.68E+07
2.68E+07
1.072E+08
1.072E+08
1.072E+08
1.714E+09
1.714E+09
1.714E+09
2.554E+07
2.554E+07
2.554E+07
1.021E+08
1.021E+08
1.021E+08
1.633E+09
1.633E+09
1.633E+09
3.75E+07
3.75E+07
3.75E+07
1.5E+08
1.5E+08
1.5E+08
2.4E+09
2.4E+09
2.4E+09
2.71E+07
2.71E+07
2.71E+07
1.084E+08
1.084E+08
1.084E+08
1.733E+09
1.733E+09
1.733E+09
2.606E+07
2.606E+07
2.606E+07
1.042E+08
1.042E+08
1.042E+08
1.667E+09
1.667E+09
1.667E+09
2.554E+07
2.554E+07
2.554E+07
1.021E+08
1.021E+08
1.021E+08
1.633E+09
1.633E+09
1.633E+09
3.75E+07
3.75E+07
3.75E+07
1.5E+08
1.5E+08
1.5E+08
2.4E+09
2.4E+09
2.4E+09
2.71E+07
2.71E+07
2.71E+07
1.084E+08
1.084E+08
1.084E+08
1.733E+09
1.733E+09
1.733E+09
2.606E+07
2.606E+07
2.606E+07
1.042E+08
1.042E+08
1.042E+08
1.667E+09
1.667E+09
1.667E+09

---------------------------------------------------------------------------------------

Gathering L1 Cache Behavior

Evaluating code for: PAPI_L1_TCM
Running for 48 threads
Time:0.103363991
Summary
Running for 48 threads
Time:0.102711916
Summary
Running for 48 threads
Time:0.114933014
Summary
2.33E+06
2.329E+06
2.332E+06
9.383E+06
9.382E+06
9.382E+06
1.502E+08
1.502E+08
1.501E+08
1.689E+06
1.69E+06
1.69E+06
6.785E+06
6.784E+06
6.784E+06
1.085E+08
1.085E+08
1.085E+08
1.675E+06
1.674E+06
1.675E+06
6.712E+06
6.711E+06
6.713E+06
1.073E+08
1.073E+08
1.073E+08
1.638E+06
1.64E+06
1.635E+06
6.42E+06
6.429E+06
6.428E+06
1.022E+08
1.022E+08
1.022E+08
2.33E+06
2.331E+06
2.328E+06
9.384E+06
9.383E+06
9.383E+06
1.502E+08
1.502E+08
1.502E+08
1.69E+06
1.69E+06
1.69E+06
6.785E+06
6.784E+06
6.785E+06
1.085E+08
1.085E+08
1.085E+08
1.675E+06
1.674E+06
1.674E+06
6.713E+06
6.714E+06
6.712E+06
1.073E+08
1.073E+08
1.073E+08
1.639E+06
1.635E+06
1.639E+06
6.415E+06
6.419E+06
6.429E+06
1.022E+08
1.022E+08
1.022E+08
2.326E+06
2.326E+06
2.331E+06
9.382E+06
9.383E+06
9.383E+06
1.502E+08
1.502E+08
1.502E+08
1.69E+06
1.69E+06
1.69E+06
6.784E+06
6.784E+06
6.784E+06
1.085E+08
1.085E+08
1.085E+08
1.641E+06
1.63E+06
1.626E+06
6.514E+06
6.51E+06
6.511E+06
1.042E+08
1.043E+08
1.042E+08
1.635E+06
1.634E+06
1.634E+06
6.413E+06
6.422E+06
6.42E+06
1.022E+08
1.022E+08
1.022E+08
2.329E+06
2.33E+06
2.333E+06
9.383E+06
9.383E+06
9.383E+06
1.502E+08
1.502E+08
1.502E+08
1.693E+06
1.691E+06
1.691E+06
6.784E+06
6.784E+06
6.784E+06
1.085E+08
1.085E+08
1.085E+08
1.623E+06
1.625E+06
1.628E+06
6.513E+06
6.51E+06
6.512E+06
1.042E+08
1.042E+08
1.042E+08

---------------------------------------------------------------------------------------

Gathering L2 Cache Behavior

Evaluating code for: PAPI_L2_TCM
Running for 48 threads
Time:0.106709957
Summary
Running for 48 threads
Time:0.102878094
Summary
Running for 48 threads
Time:0.102437019
Summary
1.939E+06
1.944E+06
1.942E+06
7.782E+06
7.782E+06
7.782E+06
1.248E+08
1.248E+08
1.248E+08
1.617E+06
1.617E+06
1.619E+06
6.482E+06
6.482E+06
6.482E+06
1.039E+08
1.039E+08
1.039E+08
1.608E+06
1.609E+06
1.607E+06
6.445E+06
6.442E+06
6.445E+06
1.033E+08
1.033E+08
1.033E+08
1.572E+06
1.572E+06
1.572E+06
6.294E+06
6.294E+06
6.295E+06
1.008E+08
1.008E+08
1.008E+08
1.936E+06
1.941E+06
1.943E+06
7.781E+06
7.783E+06
7.784E+06
1.248E+08
1.248E+08
1.248E+08
1.618E+06
1.618E+06
1.618E+06
6.483E+06
6.481E+06
6.481E+06
1.039E+08
1.039E+08
1.039E+08
1.608E+06
1.609E+06
1.609E+06
6.446E+06
6.445E+06
6.445E+06
1.033E+08
1.033E+08
1.033E+08
1.572E+06
1.573E+06
1.573E+06
6.293E+06
6.295E+06
6.295E+06
1.008E+08
1.008E+08
1.008E+08
1.95E+06
1.946E+06
1.943E+06
7.782E+06
7.783E+06
7.782E+06
1.248E+08
1.248E+08
1.248E+08
1.62E+06
1.619E+06
1.619E+06
6.482E+06
6.482E+06
6.479E+06
1.039E+08
1.039E+08
1.039E+08
1.582E+06
1.581E+06
1.583E+06
6.354E+06
6.352E+06
6.351E+06
1.018E+08
1.019E+08
1.018E+08
1.574E+06
1.572E+06
1.572E+06
6.295E+06
6.294E+06
6.296E+06
1.008E+08
1.008E+08
1.008E+08
1.942E+06
1.949E+06
1.943E+06
7.783E+06
7.781E+06
7.78E+06
1.248E+08
1.248E+08
1.248E+08
1.618E+06
1.62E+06
1.619E+06
6.48E+06
6.48E+06
6.481E+06
1.039E+08
1.039E+08
1.039E+08
1.583E+06
1.581E+06
1.582E+06
6.352E+06
6.358E+06
6.352E+06
1.019E+08
1.018E+08
1.018E+08

---------------------------------------------------------------------------------------

Gathering L3 Cache Behavior

Evaluating code for: PAPI_L3_TCM
Running for 48 threads
Time:0.108061075
Summary
Running for 48 threads
Time:0.105171204
Summary
Running for 48 threads
Time:0.103008986
Summary
5.27E+05
5.335E+05
5.029E+05
1.973E+06
1.97E+06
1.968E+06
3.104E+07
3.105E+07
3.105E+07
1.995E+05
2.07E+05
2.048E+05
6.804E+05
6.792E+05
6.758E+05
1.024E+07
1.02E+07
1.021E+07
2.025E+05
2.006E+05
1.983E+05
6.414E+05
6.38E+05
6.303E+05
9.616E+06
9.601E+06
9.593E+06
1.556E+05
1.553E+05
1.567E+05
4.803E+05
4.806E+05
4.793E+05
7.074E+06
7.083E+06
7.066E+06
5.323E+05
5.398E+05
5.406E+05
1.981E+06
1.974E+06
1.978E+06
3.107E+07
3.109E+07
3.106E+07
2.066E+05
2.137E+05
2.116E+05
6.642E+05
6.733E+05
6.69E+05
1.026E+07
1.025E+07
1.023E+07
2.036E+05
1.995E+05
2.06E+05
6.448E+05
6.377E+05
6.378E+05
9.665E+06
9.658E+06
9.677E+06
1.562E+05
1.611E+05
1.561E+05
4.861E+05
4.853E+05
4.866E+05
7.141E+06
7.134E+06
7.124E+06
5.427E+05
5.377E+05
5.274E+05
1.982E+06
1.981E+06
1.969E+06
3.073E+07
3.073E+07
3.072E+07
2.101E+05
2.035E+05
2.063E+05
6.756E+05
6.796E+05
6.873E+05
9.884E+06
9.068E+06
9.912E+06
1.712E+05
1.773E+05
1.681E+05
5.489E+05
5.494E+05
5.501E+05
7.815E+06
7.793E+06
7.792E+06
1.491E+05
1.573E+05
1.605E+05
4.9E+05
4.734E+05
4.804E+05
6.746E+06
6.77E+06
6.773E+06
5.373E+05
5.279E+05
5.378E+05
1.976E+06
1.973E+06
1.978E+06
3.071E+07
3.072E+07
3.069E+07
2.141E+05
2.051E+05
2.123E+05
6.739E+05
6.818E+05
6.819E+05
9.857E+06
9.855E+06
9.85E+06
1.68E+05
1.763E+05
1.736E+05
5.484E+05
5.42E+05
5.548E+05
7.79E+06
7.778E+06
7.813E+06

---------------------------------------------------------------------------------------

-------------------------------
Evaluation Complete
-------------------------------
SUMMARY-----------------------------------------
Running for 48 threads
Time:0.116589069
---------------------------
Reading Profile files in profile.*

NODE 0;CONTEXT 0;THREAD 0:
---------------------------------------------------------------------------------------
%Time   Exclusive   Inclusive       #Call      #Subrs Count/Call Name
           counts total counts                            
---------------------------------------------------------------------------------------
100.0         856   7.813E+06           1           1    7812502 .TAU application
100.0        2345   7.812E+06           1           2    7811646 int main() C 
 73.2    5.72E+06    5.72E+06           1           0    5719762 void init_array() C 
 26.7    2.09E+06    2.09E+06           1           0    2089539 void classic_vec_matmul() C 
RAPL
----------------------------
		package-0	: 149.209457J
		package-0	: 153.453404J
		package-0	: 149.573042J
\n\n\n
THREAD=96;SIZE=5000
CONFIG----------
COMPILE---------------------------------------
Using optimization O1
PAPI--------------------

-------------------------------
Evaluation Begin
-------------------------------

Gathering General Metrics

Evaluating code for: PAPI_SP_OPS
Running for 96 threads
Time:0.009640932
Summary
Running for 96 threads
Time:0.016025066
Summary
Running for 96 threads
Time:0.015088081
Summary
3.75E+07
3.75E+07
3.75E+07
1.5E+08
1.5E+08
1.5E+08
2.4E+09
2.4E+09
2.4E+09
2.71E+07
2.71E+07
2.71E+07
1.084E+08
1.084E+08
1.084E+08
1.733E+09
1.733E+09
1.733E+09
2.68E+07
2.68E+07
2.68E+07
1.072E+08
1.072E+08
1.072E+08
1.714E+09
1.714E+09
1.714E+09
2.554E+07
2.554E+07
2.554E+07
1.021E+08
1.021E+08
1.021E+08
1.633E+09
1.633E+09
1.633E+09
3.75E+07
3.75E+07
3.75E+07
1.5E+08
1.5E+08
1.5E+08
2.4E+09
2.4E+09
2.4E+09
2.71E+07
2.71E+07
2.71E+07
1.084E+08
1.084E+08
1.084E+08
1.733E+09
1.733E+09
1.733E+09
2.68E+07
2.68E+07
2.68E+07
1.072E+08
1.072E+08
1.072E+08
1.714E+09
1.714E+09
1.714E+09
2.554E+07
2.554E+07
2.554E+07
1.021E+08
1.021E+08
1.021E+08
1.633E+09
1.633E+09
1.633E+09
3.75E+07
3.75E+07
3.75E+07
1.5E+08
1.5E+08
1.5E+08
2.4E+09
2.4E+09
2.4E+09
2.71E+07
2.71E+07
2.71E+07
1.084E+08
1.084E+08
1.084E+08
1.733E+09
1.733E+09
1.733E+09
2.606E+07
2.606E+07
2.606E+07
1.042E+08
1.042E+08
1.042E+08
1.667E+09
1.667E+09
1.667E+09
2.554E+07
2.554E+07
2.554E+07
1.021E+08
1.021E+08
1.021E+08
1.633E+09
1.633E+09
1.633E+09
3.75E+07
3.75E+07
3.75E+07
1.5E+08
1.5E+08
1.5E+08
2.4E+09
2.4E+09
2.4E+09
2.71E+07
2.71E+07
2.71E+07
1.084E+08
1.084E+08
1.084E+08
1.733E+09
1.733E+09
1.733E+09
2.606E+07
2.606E+07
2.606E+07
1.042E+08
1.042E+08
1.042E+08
1.667E+09
1.667E+09
1.667E+09
2.554E+07
2.554E+07
2.554E+07

---------------------------------------------------------------------------------------

Gathering L1 Cache Behavior

Evaluating code for: PAPI_L1_TCM
Running for 96 threads
Time:0.015116930
Summary
Running for 96 threads
Time:0.024158955
Summary
Running for 96 threads
Time:0.009264946
Summary
2.33E+06
2.329E+06
2.332E+06
9.383E+06
9.382E+06
9.382E+06
1.502E+08
1.502E+08
1.501E+08
1.689E+06
1.69E+06
1.69E+06
6.785E+06
6.784E+06
6.784E+06
1.085E+08
1.085E+08
1.085E+08
1.675E+06
1.674E+06
1.675E+06
6.712E+06
6.711E+06
6.713E+06
1.073E+08
1.073E+08
1.073E+08
1.638E+06
1.64E+06
1.635E+06
6.42E+06
6.429E+06
6.428E+06
1.022E+08
1.022E+08
1.022E+08
2.33E+06
2.331E+06
2.328E+06
9.384E+06
9.383E+06
9.383E+06
1.502E+08
1.502E+08
1.502E+08
1.69E+06
1.69E+06
1.69E+06
6.785E+06
6.784E+06
6.785E+06
1.085E+08
1.085E+08
1.085E+08
1.675E+06
1.674E+06
1.674E+06
6.713E+06
6.714E+06
6.712E+06
1.073E+08
1.073E+08
1.073E+08
1.639E+06
1.635E+06
1.639E+06
6.415E+06
6.419E+06
6.429E+06
1.022E+08
1.022E+08
1.022E+08
2.326E+06
2.326E+06
2.331E+06
9.382E+06
9.383E+06
9.383E+06
1.502E+08
1.502E+08
1.502E+08
1.69E+06
1.69E+06
1.69E+06
6.784E+06
6.784E+06
6.784E+06
1.085E+08
1.085E+08
1.085E+08
1.641E+06
1.63E+06
1.626E+06
6.514E+06
6.51E+06
6.511E+06
1.042E+08
1.043E+08
1.042E+08
1.635E+06
1.634E+06
1.634E+06
6.413E+06
6.422E+06
6.42E+06
1.022E+08
1.022E+08
1.022E+08
2.329E+06
2.33E+06
2.333E+06
9.383E+06
9.383E+06
9.383E+06
1.502E+08
1.502E+08
1.502E+08
1.693E+06
1.691E+06
1.691E+06
6.784E+06
6.784E+06
6.784E+06
1.085E+08
1.085E+08
1.085E+08
1.623E+06
1.625E+06
1.628E+06
6.513E+06
6.51E+06
6.512E+06
1.042E+08
1.042E+08
1.042E+08
1.638E+06
1.636E+06
1.633E+06

---------------------------------------------------------------------------------------

Gathering L2 Cache Behavior

Evaluating code for: PAPI_L2_TCM
Running for 96 threads
Time:0.016223907
Summary
Running for 96 threads
Time:0.015358925
Summary
Running for 96 threads
Time:0.008782148
Summary
1.939E+06
1.944E+06
1.942E+06
7.782E+06
7.782E+06
7.782E+06
1.248E+08
1.248E+08
1.248E+08
1.617E+06
1.617E+06
1.619E+06
6.482E+06
6.482E+06
6.482E+06
1.039E+08
1.039E+08
1.039E+08
1.608E+06
1.609E+06
1.607E+06
6.445E+06
6.442E+06
6.445E+06
1.033E+08
1.033E+08
1.033E+08
1.572E+06
1.572E+06
1.572E+06
6.294E+06
6.294E+06
6.295E+06
1.008E+08
1.008E+08
1.008E+08
1.936E+06
1.941E+06
1.943E+06
7.781E+06
7.783E+06
7.784E+06
1.248E+08
1.248E+08
1.248E+08
1.618E+06
1.618E+06
1.618E+06
6.483E+06
6.481E+06
6.481E+06
1.039E+08
1.039E+08
1.039E+08
1.608E+06
1.609E+06
1.609E+06
6.446E+06
6.445E+06
6.445E+06
1.033E+08
1.033E+08
1.033E+08
1.572E+06
1.573E+06
1.573E+06
6.293E+06
6.295E+06
6.295E+06
1.008E+08
1.008E+08
1.008E+08
1.95E+06
1.946E+06
1.943E+06
7.782E+06
7.783E+06
7.782E+06
1.248E+08
1.248E+08
1.248E+08
1.62E+06
1.619E+06
1.619E+06
6.482E+06
6.482E+06
6.479E+06
1.039E+08
1.039E+08
1.039E+08
1.582E+06
1.581E+06
1.583E+06
6.354E+06
6.352E+06
6.351E+06
1.018E+08
1.019E+08
1.018E+08
1.574E+06
1.572E+06
1.572E+06
6.295E+06
6.294E+06
6.296E+06
1.008E+08
1.008E+08
1.008E+08
1.942E+06
1.949E+06
1.943E+06
7.783E+06
7.781E+06
7.78E+06
1.248E+08
1.248E+08
1.248E+08
1.618E+06
1.62E+06
1.619E+06
6.48E+06
6.48E+06
6.481E+06
1.039E+08
1.039E+08
1.039E+08
1.583E+06
1.581E+06
1.582E+06
6.352E+06
6.358E+06
6.352E+06
1.019E+08
1.018E+08
1.018E+08
1.571E+06
1.574E+06
1.572E+06

---------------------------------------------------------------------------------------

Gathering L3 Cache Behavior

Evaluating code for: PAPI_L3_TCM
Running for 96 threads
Time:0.008667946
Summary
Running for 96 threads
Time:0.009199858
Summary
Running for 96 threads
Time:0.008545876
Summary
5.27E+05
5.335E+05
5.029E+05
1.973E+06
1.97E+06
1.968E+06
3.104E+07
3.105E+07
3.105E+07
1.995E+05
2.07E+05
2.048E+05
6.804E+05
6.792E+05
6.758E+05
1.024E+07
1.02E+07
1.021E+07
2.025E+05
2.006E+05
1.983E+05
6.414E+05
6.38E+05
6.303E+05
9.616E+06
9.601E+06
9.593E+06
1.556E+05
1.553E+05
1.567E+05
4.803E+05
4.806E+05
4.793E+05
7.074E+06
7.083E+06
7.066E+06
5.323E+05
5.398E+05
5.406E+05
1.981E+06
1.974E+06
1.978E+06
3.107E+07
3.109E+07
3.106E+07
2.066E+05
2.137E+05
2.116E+05
6.642E+05
6.733E+05
6.69E+05
1.026E+07
1.025E+07
1.023E+07
2.036E+05
1.995E+05
2.06E+05
6.448E+05
6.377E+05
6.378E+05
9.665E+06
9.658E+06
9.677E+06
1.562E+05
1.611E+05
1.561E+05
4.861E+05
4.853E+05
4.866E+05
7.141E+06
7.134E+06
7.124E+06
5.427E+05
5.377E+05
5.274E+05
1.982E+06
1.981E+06
1.969E+06
3.073E+07
3.073E+07
3.072E+07
2.101E+05
2.035E+05
2.063E+05
6.756E+05
6.796E+05
6.873E+05
9.884E+06
9.068E+06
9.912E+06
1.712E+05
1.773E+05
1.681E+05
5.489E+05
5.494E+05
5.501E+05
7.815E+06
7.793E+06
7.792E+06
1.491E+05
1.573E+05
1.605E+05
4.9E+05
4.734E+05
4.804E+05
6.746E+06
6.77E+06
6.773E+06
5.373E+05
5.279E+05
5.378E+05
1.976E+06
1.973E+06
1.978E+06
3.071E+07
3.072E+07
3.069E+07
2.141E+05
2.051E+05
2.123E+05
6.739E+05
6.818E+05
6.819E+05
9.857E+06
9.855E+06
9.85E+06
1.68E+05
1.763E+05
1.736E+05
5.484E+05
5.42E+05
5.548E+05
7.79E+06
7.778E+06
7.813E+06
1.585E+05
1.562E+05
1.518E+05

---------------------------------------------------------------------------------------

-------------------------------
Evaluation Complete
-------------------------------
SUMMARY-----------------------------------------
Running for 96 threads
Time:0.038594007
---------------------------
Reading Profile files in profile.*

NODE 0;CONTEXT 0;THREAD 0:
---------------------------------------------------------------------------------------
%Time   Exclusive   Inclusive       #Call      #Subrs Count/Call Name
           counts total counts                            
---------------------------------------------------------------------------------------
100.0         737   1.518E+05           1           1     151770 .TAU application
 99.5        1978    1.51E+05           1           2     151033 int main() C 
 83.6   1.269E+05   1.269E+05           1           0     126908 void init_array() C 
 14.6   2.215E+04   2.215E+04           1           0      22147 void classic_vec_matmul() C 
RAPL
----------------------------
		package-0	: 10.950167J
		package-0	: 14.935387J
		package-0	: 16.169941J
\n\n\n
THREAD=96;SIZE=10000
CONFIG----------
COMPILE---------------------------------------
Using optimization O1
PAPI--------------------

-------------------------------
Evaluation Begin
-------------------------------

Gathering General Metrics

Evaluating code for: PAPI_SP_OPS
Running for 96 threads
Time:0.014986038
Summary
Running for 96 threads
Time:0.016498089
Summary
Running for 96 threads
Time:0.014232874
Summary
3.75E+07
3.75E+07
3.75E+07
1.5E+08
1.5E+08
1.5E+08
2.4E+09
2.4E+09
2.4E+09
2.71E+07
2.71E+07
2.71E+07
1.084E+08
1.084E+08
1.084E+08
1.733E+09
1.733E+09
1.733E+09
2.68E+07
2.68E+07
2.68E+07
1.072E+08
1.072E+08
1.072E+08
1.714E+09
1.714E+09
1.714E+09
2.554E+07
2.554E+07
2.554E+07
1.021E+08
1.021E+08
1.021E+08
1.633E+09
1.633E+09
1.633E+09
3.75E+07
3.75E+07
3.75E+07
1.5E+08
1.5E+08
1.5E+08
2.4E+09
2.4E+09
2.4E+09
2.71E+07
2.71E+07
2.71E+07
1.084E+08
1.084E+08
1.084E+08
1.733E+09
1.733E+09
1.733E+09
2.68E+07
2.68E+07
2.68E+07
1.072E+08
1.072E+08
1.072E+08
1.714E+09
1.714E+09
1.714E+09
2.554E+07
2.554E+07
2.554E+07
1.021E+08
1.021E+08
1.021E+08
1.633E+09
1.633E+09
1.633E+09
3.75E+07
3.75E+07
3.75E+07
1.5E+08
1.5E+08
1.5E+08
2.4E+09
2.4E+09
2.4E+09
2.71E+07
2.71E+07
2.71E+07
1.084E+08
1.084E+08
1.084E+08
1.733E+09
1.733E+09
1.733E+09
2.606E+07
2.606E+07
2.606E+07
1.042E+08
1.042E+08
1.042E+08
1.667E+09
1.667E+09
1.667E+09
2.554E+07
2.554E+07
2.554E+07
1.021E+08
1.021E+08
1.021E+08
1.633E+09
1.633E+09
1.633E+09
3.75E+07
3.75E+07
3.75E+07
1.5E+08
1.5E+08
1.5E+08
2.4E+09
2.4E+09
2.4E+09
2.71E+07
2.71E+07
2.71E+07
1.084E+08
1.084E+08
1.084E+08
1.733E+09
1.733E+09
1.733E+09
2.606E+07
2.606E+07
2.606E+07
1.042E+08
1.042E+08
1.042E+08
1.667E+09
1.667E+09
1.667E+09
2.554E+07
2.554E+07
2.554E+07
1.021E+08
1.021E+08
1.021E+08

---------------------------------------------------------------------------------------

Gathering L1 Cache Behavior

Evaluating code for: PAPI_L1_TCM
Running for 96 threads
Time:0.014277935
Summary
Running for 96 threads
Time:0.015250206
Summary
Running for 96 threads
Time:0.020263910
Summary
2.33E+06
2.329E+06
2.332E+06
9.383E+06
9.382E+06
9.382E+06
1.502E+08
1.502E+08
1.501E+08
1.689E+06
1.69E+06
1.69E+06
6.785E+06
6.784E+06
6.784E+06
1.085E+08
1.085E+08
1.085E+08
1.675E+06
1.674E+06
1.675E+06
6.712E+06
6.711E+06
6.713E+06
1.073E+08
1.073E+08
1.073E+08
1.638E+06
1.64E+06
1.635E+06
6.42E+06
6.429E+06
6.428E+06
1.022E+08
1.022E+08
1.022E+08
2.33E+06
2.331E+06
2.328E+06
9.384E+06
9.383E+06
9.383E+06
1.502E+08
1.502E+08
1.502E+08
1.69E+06
1.69E+06
1.69E+06
6.785E+06
6.784E+06
6.785E+06
1.085E+08
1.085E+08
1.085E+08
1.675E+06
1.674E+06
1.674E+06
6.713E+06
6.714E+06
6.712E+06
1.073E+08
1.073E+08
1.073E+08
1.639E+06
1.635E+06
1.639E+06
6.415E+06
6.419E+06
6.429E+06
1.022E+08
1.022E+08
1.022E+08
2.326E+06
2.326E+06
2.331E+06
9.382E+06
9.383E+06
9.383E+06
1.502E+08
1.502E+08
1.502E+08
1.69E+06
1.69E+06
1.69E+06
6.784E+06
6.784E+06
6.784E+06
1.085E+08
1.085E+08
1.085E+08
1.641E+06
1.63E+06
1.626E+06
6.514E+06
6.51E+06
6.511E+06
1.042E+08
1.043E+08
1.042E+08
1.635E+06
1.634E+06
1.634E+06
6.413E+06
6.422E+06
6.42E+06
1.022E+08
1.022E+08
1.022E+08
2.329E+06
2.33E+06
2.333E+06
9.383E+06
9.383E+06
9.383E+06
1.502E+08
1.502E+08
1.502E+08
1.693E+06
1.691E+06
1.691E+06
6.784E+06
6.784E+06
6.784E+06
1.085E+08
1.085E+08
1.085E+08
1.623E+06
1.625E+06
1.628E+06
6.513E+06
6.51E+06
6.512E+06
1.042E+08
1.042E+08
1.042E+08
1.638E+06
1.636E+06
1.633E+06
6.423E+06
6.426E+06
6.434E+06

---------------------------------------------------------------------------------------

Gathering L2 Cache Behavior

Evaluating code for: PAPI_L2_TCM
Running for 96 threads
Time:0.014973879
Summary
Running for 96 threads
Time:0.012947083
Summary
Running for 96 threads
Time:0.014894009
Summary
1.939E+06
1.944E+06
1.942E+06
7.782E+06
7.782E+06
7.782E+06
1.248E+08
1.248E+08
1.248E+08
1.617E+06
1.617E+06
1.619E+06
6.482E+06
6.482E+06
6.482E+06
1.039E+08
1.039E+08
1.039E+08
1.608E+06
1.609E+06
1.607E+06
6.445E+06
6.442E+06
6.445E+06
1.033E+08
1.033E+08
1.033E+08
1.572E+06
1.572E+06
1.572E+06
6.294E+06
6.294E+06
6.295E+06
1.008E+08
1.008E+08
1.008E+08
1.936E+06
1.941E+06
1.943E+06
7.781E+06
7.783E+06
7.784E+06
1.248E+08
1.248E+08
1.248E+08
1.618E+06
1.618E+06
1.618E+06
6.483E+06
6.481E+06
6.481E+06
1.039E+08
1.039E+08
1.039E+08
1.608E+06
1.609E+06
1.609E+06
6.446E+06
6.445E+06
6.445E+06
1.033E+08
1.033E+08
1.033E+08
1.572E+06
1.573E+06
1.573E+06
6.293E+06
6.295E+06
6.295E+06
1.008E+08
1.008E+08
1.008E+08
1.95E+06
1.946E+06
1.943E+06
7.782E+06
7.783E+06
7.782E+06
1.248E+08
1.248E+08
1.248E+08
1.62E+06
1.619E+06
1.619E+06
6.482E+06
6.482E+06
6.479E+06
1.039E+08
1.039E+08
1.039E+08
1.582E+06
1.581E+06
1.583E+06
6.354E+06
6.352E+06
6.351E+06
1.018E+08
1.019E+08
1.018E+08
1.574E+06
1.572E+06
1.572E+06
6.295E+06
6.294E+06
6.296E+06
1.008E+08
1.008E+08
1.008E+08
1.942E+06
1.949E+06
1.943E+06
7.783E+06
7.781E+06
7.78E+06
1.248E+08
1.248E+08
1.248E+08
1.618E+06
1.62E+06
1.619E+06
6.48E+06
6.48E+06
6.481E+06
1.039E+08
1.039E+08
1.039E+08
1.583E+06
1.581E+06
1.582E+06
6.352E+06
6.358E+06
6.352E+06
1.019E+08
1.018E+08
1.018E+08
1.571E+06
1.574E+06
1.572E+06
6.295E+06
6.295E+06
6.295E+06

---------------------------------------------------------------------------------------

Gathering L3 Cache Behavior

Evaluating code for: PAPI_L3_TCM
Running for 96 threads
Time:0.018195152
Summary
Running for 96 threads
Time:0.019734859
Summary
Running for 96 threads
Time:0.014554977
Summary
5.27E+05
5.335E+05
5.029E+05
1.973E+06
1.97E+06
1.968E+06
3.104E+07
3.105E+07
3.105E+07
1.995E+05
2.07E+05
2.048E+05
6.804E+05
6.792E+05
6.758E+05
1.024E+07
1.02E+07
1.021E+07
2.025E+05
2.006E+05
1.983E+05
6.414E+05
6.38E+05
6.303E+05
9.616E+06
9.601E+06
9.593E+06
1.556E+05
1.553E+05
1.567E+05
4.803E+05
4.806E+05
4.793E+05
7.074E+06
7.083E+06
7.066E+06
5.323E+05
5.398E+05
5.406E+05
1.981E+06
1.974E+06
1.978E+06
3.107E+07
3.109E+07
3.106E+07
2.066E+05
2.137E+05
2.116E+05
6.642E+05
6.733E+05
6.69E+05
1.026E+07
1.025E+07
1.023E+07
2.036E+05
1.995E+05
2.06E+05
6.448E+05
6.377E+05
6.378E+05
9.665E+06
9.658E+06
9.677E+06
1.562E+05
1.611E+05
1.561E+05
4.861E+05
4.853E+05
4.866E+05
7.141E+06
7.134E+06
7.124E+06
5.427E+05
5.377E+05
5.274E+05
1.982E+06
1.981E+06
1.969E+06
3.073E+07
3.073E+07
3.072E+07
2.101E+05
2.035E+05
2.063E+05
6.756E+05
6.796E+05
6.873E+05
9.884E+06
9.068E+06
9.912E+06
1.712E+05
1.773E+05
1.681E+05
5.489E+05
5.494E+05
5.501E+05
7.815E+06
7.793E+06
7.792E+06
1.491E+05
1.573E+05
1.605E+05
4.9E+05
4.734E+05
4.804E+05
6.746E+06
6.77E+06
6.773E+06
5.373E+05
5.279E+05
5.378E+05
1.976E+06
1.973E+06
1.978E+06
3.071E+07
3.072E+07
3.069E+07
2.141E+05
2.051E+05
2.123E+05
6.739E+05
6.818E+05
6.819E+05
9.857E+06
9.855E+06
9.85E+06
1.68E+05
1.763E+05
1.736E+05
5.484E+05
5.42E+05
5.548E+05
7.79E+06
7.778E+06
7.813E+06
1.585E+05
1.562E+05
1.518E+05
4.878E+05
4.826E+05
4.852E+05

---------------------------------------------------------------------------------------

-------------------------------
Evaluation Complete
-------------------------------
SUMMARY-----------------------------------------
Running for 96 threads
Time:0.036575079
---------------------------
Reading Profile files in profile.*

NODE 0;CONTEXT 0;THREAD 0:
---------------------------------------------------------------------------------------
%Time   Exclusive   Inclusive       #Call      #Subrs Count/Call Name
           counts total counts                            
---------------------------------------------------------------------------------------
100.0         724   4.852E+05           1           1     485185 .TAU application
 99.9        2023   4.845E+05           1           2     484461 int main() C 
 84.8   4.114E+05   4.114E+05           1           0     411407 void init_array() C 
 14.6   7.103E+04   7.103E+04           1           0      71031 void classic_vec_matmul() C 
RAPL
----------------------------
		package-0	: 23.171877J
		package-0	: 22.477176J
		package-0	: 24.414855J
\n\n\n
THREAD=96;SIZE=40000
CONFIG----------
COMPILE---------------------------------------
Using optimization O1
PAPI--------------------

-------------------------------
Evaluation Begin
-------------------------------

Gathering General Metrics

Evaluating code for: PAPI_SP_OPS
Running for 96 threads
Time:0.113523960
Summary
Running for 96 threads
Time:0.176254988
Summary
Running for 96 threads
Time:0.111315012
Summary
3.75E+07
3.75E+07
3.75E+07
1.5E+08
1.5E+08
1.5E+08
2.4E+09
2.4E+09
2.4E+09
2.71E+07
2.71E+07
2.71E+07
1.084E+08
1.084E+08
1.084E+08
1.733E+09
1.733E+09
1.733E+09
2.68E+07
2.68E+07
2.68E+07
1.072E+08
1.072E+08
1.072E+08
1.714E+09
1.714E+09
1.714E+09
2.554E+07
2.554E+07
2.554E+07
1.021E+08
1.021E+08
1.021E+08
1.633E+09
1.633E+09
1.633E+09
3.75E+07
3.75E+07
3.75E+07
1.5E+08
1.5E+08
1.5E+08
2.4E+09
2.4E+09
2.4E+09
2.71E+07
2.71E+07
2.71E+07
1.084E+08
1.084E+08
1.084E+08
1.733E+09
1.733E+09
1.733E+09
2.68E+07
2.68E+07
2.68E+07
1.072E+08
1.072E+08
1.072E+08
1.714E+09
1.714E+09
1.714E+09
2.554E+07
2.554E+07
2.554E+07
1.021E+08
1.021E+08
1.021E+08
1.633E+09
1.633E+09
1.633E+09
3.75E+07
3.75E+07
3.75E+07
1.5E+08
1.5E+08
1.5E+08
2.4E+09
2.4E+09
2.4E+09
2.71E+07
2.71E+07
2.71E+07
1.084E+08
1.084E+08
1.084E+08
1.733E+09
1.733E+09
1.733E+09
2.606E+07
2.606E+07
2.606E+07
1.042E+08
1.042E+08
1.042E+08
1.667E+09
1.667E+09
1.667E+09
2.554E+07
2.554E+07
2.554E+07
1.021E+08
1.021E+08
1.021E+08
1.633E+09
1.633E+09
1.633E+09
3.75E+07
3.75E+07
3.75E+07
1.5E+08
1.5E+08
1.5E+08
2.4E+09
2.4E+09
2.4E+09
2.71E+07
2.71E+07
2.71E+07
1.084E+08
1.084E+08
1.084E+08
1.733E+09
1.733E+09
1.733E+09
2.606E+07
2.606E+07
2.606E+07
1.042E+08
1.042E+08
1.042E+08
1.667E+09
1.667E+09
1.667E+09
2.554E+07
2.554E+07
2.554E+07
1.021E+08
1.021E+08
1.021E+08
1.633E+09
1.633E+09
1.633E+09

---------------------------------------------------------------------------------------

Gathering L1 Cache Behavior

Evaluating code for: PAPI_L1_TCM
Running for 96 threads
Time:0.110611916
Summary
Running for 96 threads
Time:0.112932920
Summary
Running for 96 threads
Time:0.111544132
Summary
2.33E+06
2.329E+06
2.332E+06
9.383E+06
9.382E+06
9.382E+06
1.502E+08
1.502E+08
1.501E+08
1.689E+06
1.69E+06
1.69E+06
6.785E+06
6.784E+06
6.784E+06
1.085E+08
1.085E+08
1.085E+08
1.675E+06
1.674E+06
1.675E+06
6.712E+06
6.711E+06
6.713E+06
1.073E+08
1.073E+08
1.073E+08
1.638E+06
1.64E+06
1.635E+06
6.42E+06
6.429E+06
6.428E+06
1.022E+08
1.022E+08
1.022E+08
2.33E+06
2.331E+06
2.328E+06
9.384E+06
9.383E+06
9.383E+06
1.502E+08
1.502E+08
1.502E+08
1.69E+06
1.69E+06
1.69E+06
6.785E+06
6.784E+06
6.785E+06
1.085E+08
1.085E+08
1.085E+08
1.675E+06
1.674E+06
1.674E+06
6.713E+06
6.714E+06
6.712E+06
1.073E+08
1.073E+08
1.073E+08
1.639E+06
1.635E+06
1.639E+06
6.415E+06
6.419E+06
6.429E+06
1.022E+08
1.022E+08
1.022E+08
2.326E+06
2.326E+06
2.331E+06
9.382E+06
9.383E+06
9.383E+06
1.502E+08
1.502E+08
1.502E+08
1.69E+06
1.69E+06
1.69E+06
6.784E+06
6.784E+06
6.784E+06
1.085E+08
1.085E+08
1.085E+08
1.641E+06
1.63E+06
1.626E+06
6.514E+06
6.51E+06
6.511E+06
1.042E+08
1.043E+08
1.042E+08
1.635E+06
1.634E+06
1.634E+06
6.413E+06
6.422E+06
6.42E+06
1.022E+08
1.022E+08
1.022E+08
2.329E+06
2.33E+06
2.333E+06
9.383E+06
9.383E+06
9.383E+06
1.502E+08
1.502E+08
1.502E+08
1.693E+06
1.691E+06
1.691E+06
6.784E+06
6.784E+06
6.784E+06
1.085E+08
1.085E+08
1.085E+08
1.623E+06
1.625E+06
1.628E+06
6.513E+06
6.51E+06
6.512E+06
1.042E+08
1.042E+08
1.042E+08
1.638E+06
1.636E+06
1.633E+06
6.423E+06
6.426E+06
6.434E+06
1.022E+08
1.022E+08
1.022E+08

---------------------------------------------------------------------------------------

Gathering L2 Cache Behavior

Evaluating code for: PAPI_L2_TCM
Running for 96 threads
Time:0.109387875
Summary
Running for 96 threads
Time:0.111106873
Summary
Running for 96 threads
Time:0.112102032
Summary
1.939E+06
1.944E+06
1.942E+06
7.782E+06
7.782E+06
7.782E+06
1.248E+08
1.248E+08
1.248E+08
1.617E+06
1.617E+06
1.619E+06
6.482E+06
6.482E+06
6.482E+06
1.039E+08
1.039E+08
1.039E+08
1.608E+06
1.609E+06
1.607E+06
6.445E+06
6.442E+06
6.445E+06
1.033E+08
1.033E+08
1.033E+08
1.572E+06
1.572E+06
1.572E+06
6.294E+06
6.294E+06
6.295E+06
1.008E+08
1.008E+08
1.008E+08
1.936E+06
1.941E+06
1.943E+06
7.781E+06
7.783E+06
7.784E+06
1.248E+08
1.248E+08
1.248E+08
1.618E+06
1.618E+06
1.618E+06
6.483E+06
6.481E+06
6.481E+06
1.039E+08
1.039E+08
1.039E+08
1.608E+06
1.609E+06
1.609E+06
6.446E+06
6.445E+06
6.445E+06
1.033E+08
1.033E+08
1.033E+08
1.572E+06
1.573E+06
1.573E+06
6.293E+06
6.295E+06
6.295E+06
1.008E+08
1.008E+08
1.008E+08
1.95E+06
1.946E+06
1.943E+06
7.782E+06
7.783E+06
7.782E+06
1.248E+08
1.248E+08
1.248E+08
1.62E+06
1.619E+06
1.619E+06
6.482E+06
6.482E+06
6.479E+06
1.039E+08
1.039E+08
1.039E+08
1.582E+06
1.581E+06
1.583E+06
6.354E+06
6.352E+06
6.351E+06
1.018E+08
1.019E+08
1.018E+08
1.574E+06
1.572E+06
1.572E+06
6.295E+06
6.294E+06
6.296E+06
1.008E+08
1.008E+08
1.008E+08
1.942E+06
1.949E+06
1.943E+06
7.783E+06
7.781E+06
7.78E+06
1.248E+08
1.248E+08
1.248E+08
1.618E+06
1.62E+06
1.619E+06
6.48E+06
6.48E+06
6.481E+06
1.039E+08
1.039E+08
1.039E+08
1.583E+06
1.581E+06
1.582E+06
6.352E+06
6.358E+06
6.352E+06
1.019E+08
1.018E+08
1.018E+08
1.571E+06
1.574E+06
1.572E+06
6.295E+06
6.295E+06
6.295E+06
1.008E+08
1.008E+08
1.008E+08

---------------------------------------------------------------------------------------

Gathering L3 Cache Behavior

Evaluating code for: PAPI_L3_TCM
Running for 96 threads
Time:0.117568016
Summary
Running for 96 threads
Time:0.112660170
Summary
Running for 96 threads
Time:0.112264156
Summary
5.27E+05
5.335E+05
5.029E+05
1.973E+06
1.97E+06
1.968E+06
3.104E+07
3.105E+07
3.105E+07
1.995E+05
2.07E+05
2.048E+05
6.804E+05
6.792E+05
6.758E+05
1.024E+07
1.02E+07
1.021E+07
2.025E+05
2.006E+05
1.983E+05
6.414E+05
6.38E+05
6.303E+05
9.616E+06
9.601E+06
9.593E+06
1.556E+05
1.553E+05
1.567E+05
4.803E+05
4.806E+05
4.793E+05
7.074E+06
7.083E+06
7.066E+06
5.323E+05
5.398E+05
5.406E+05
1.981E+06
1.974E+06
1.978E+06
3.107E+07
3.109E+07
3.106E+07
2.066E+05
2.137E+05
2.116E+05
6.642E+05
6.733E+05
6.69E+05
1.026E+07
1.025E+07
1.023E+07
2.036E+05
1.995E+05
2.06E+05
6.448E+05
6.377E+05
6.378E+05
9.665E+06
9.658E+06
9.677E+06
1.562E+05
1.611E+05
1.561E+05
4.861E+05
4.853E+05
4.866E+05
7.141E+06
7.134E+06
7.124E+06
5.427E+05
5.377E+05
5.274E+05
1.982E+06
1.981E+06
1.969E+06
3.073E+07
3.073E+07
3.072E+07
2.101E+05
2.035E+05
2.063E+05
6.756E+05
6.796E+05
6.873E+05
9.884E+06
9.068E+06
9.912E+06
1.712E+05
1.773E+05
1.681E+05
5.489E+05
5.494E+05
5.501E+05
7.815E+06
7.793E+06
7.792E+06
1.491E+05
1.573E+05
1.605E+05
4.9E+05
4.734E+05
4.804E+05
6.746E+06
6.77E+06
6.773E+06
5.373E+05
5.279E+05
5.378E+05
1.976E+06
1.973E+06
1.978E+06
3.071E+07
3.072E+07
3.069E+07
2.141E+05
2.051E+05
2.123E+05
6.739E+05
6.818E+05
6.819E+05
9.857E+06
9.855E+06
9.85E+06
1.68E+05
1.763E+05
1.736E+05
5.484E+05
5.42E+05
5.548E+05
7.79E+06
7.778E+06
7.813E+06
1.585E+05
1.562E+05
1.518E+05
4.878E+05
4.826E+05
4.852E+05
6.767E+06
6.743E+06
6.744E+06

---------------------------------------------------------------------------------------

-------------------------------
Evaluation Complete
-------------------------------
SUMMARY-----------------------------------------
Running for 96 threads
Time:0.136131048
---------------------------
Reading Profile files in profile.*

NODE 0;CONTEXT 0;THREAD 0:
---------------------------------------------------------------------------------------
%Time   Exclusive   Inclusive       #Call      #Subrs Count/Call Name
           counts total counts                            
---------------------------------------------------------------------------------------
100.0         917   6.744E+06           1           1    6744181 .TAU application
100.0        2205   6.743E+06           1           2    6743264 int main() C 
 84.4   5.693E+06   5.693E+06           1           0    5693405 void init_array() C 
 15.5   1.048E+06   1.048E+06           1           0    1047654 void classic_vec_matmul() C 
RAPL
----------------------------
		package-0	: 175.794594J
		package-0	: 170.803396J
		package-0	: 170.930104J
